Format Version,1.25,Take Name,Take 2025-11-27 05.16.36 PM,Take Notes,,Capture Frame Rate,120.000000,Export Frame Rate,120.000000,Capture Start Time,2025-11-27 05.16.37.388 PM,Capture Start Frame,87750,Total Frames in Take,1291,Total Exported Frames,1291,Rotation Type,Quaternion,Length Units,Centimeters,Coordinate Space,Global

,Type,Rigid Body,Rigid Body,Rigid Body,Rigid Body,Rigid Body,Rigid Body,Rigid Body
,Name,SEE_large,SEE_large,SEE_large,SEE_large,SEE_large,SEE_large,SEE_large
,ID,B4680608301811F031C44B617C10C291,B4680608301811F031C44B617C10C291,B4680608301811F031C44B617C10C291,B4680608301811F031C44B617C10C291,B4680608301811F031C44B617C10C291,B4680608301811F031C44B617C10C291,B4680608301811F031C44B617C10C291
,Parent,,,,,,,
,,Rotation,Rotation,Rotation,Rotation,Position,Position,Position
Frame,Time (Seconds),X,Y,Z,W,X,Y,Z
0,0.000000,0.006956,0.930815,0.021614,0.364786,-215.045929,92.189133,84.156006
1,0.008333,0.006625,0.930848,0.021728,0.364699,-215.052612,92.192032,84.157089
2,0.016667,0.006185,0.930831,0.021823,0.364744,-215.063187,92.193764,84.153267
3,0.025000,0.006145,0.930844,0.022276,0.364687,-215.073090,92.192978,84.156624
4,0.033333,0.006889,0.930946,0.022467,0.364399,-215.071365,92.184921,84.157234
5,0.041667,0.006298,0.930778,0.022897,0.364813,-215.077560,92.188957,84.172874
6,0.050000,0.006300,0.930747,0.023020,0.364884,-215.084808,92.189766,84.178253
7,0.058333,0.006982,0.930892,0.022907,0.364509,-215.081665,92.183159,84.170059
8,0.066667,0.007015,0.930930,0.022640,0.364427,-215.078873,92.182678,84.160255
9,0.075000,0.006359,0.930780,0.022388,0.364838,-215.079834,92.190598,84.161530
10,0.083333,0.006635,0.930769,0.022186,0.364874,-215.074081,92.189308,84.156372
11,0.091667,0.006644,0.930782,0.021939,0.364856,-215.068771,92.188004,84.150787
12,0.100000,0.006491,0.930758,0.021825,0.364927,-215.064362,92.187782,84.149300
13,0.108333,0.006694,0.930775,0.021758,0.364882,-215.060089,92.187653,84.153679
14,0.116667,0.006460,0.930791,0.021801,0.364845,-215.060501,92.190712,84.152267
15,0.125000,0.006359,0.930805,0.021826,0.364808,-215.063187,92.190674,84.153732
16,0.133333,0.006320,0.930814,0.021915,0.364780,-215.066345,92.190865,84.158623
17,0.141667,0.006171,0.930840,0.022324,0.364691,-215.071991,92.192307,84.163429
18,0.150000,0.006804,0.930975,0.022589,0.364319,-215.069412,92.185966,84.163101
19,0.158333,0.006913,0.930967,0.022725,0.364329,-215.072372,92.185112,84.164230
20,0.166667,0.006803,0.930954,0.022706,0.364366,-215.072372,92.185005,84.163643
21,0.175000,0.006210,0.930844,0.022623,0.364663,-215.076370,92.190483,84.167572
22,0.183333,0.006394,0.930774,0.022419,0.364850,-215.076202,92.187859,84.164970
23,0.191667,0.006454,0.930766,0.022387,0.364873,-215.077087,92.187813,84.164337
24,0.200000,0.006521,0.930772,0.022238,0.364866,-215.075867,92.190048,84.160889
25,0.208333,0.006498,0.930794,0.022223,0.364810,-215.073578,92.189240,84.159264
26,0.216667,0.006392,0.930765,0.022092,0.364895,-215.071106,92.189064,84.157356
27,0.225000,0.006447,0.930811,0.022148,0.364772,-215.072510,92.191109,84.157661
28,0.233333,0.006502,0.930811,0.022273,0.364765,-215.073700,92.191544,84.160156
29,0.241667,0.006216,0.930792,0.022372,0.364810,-215.075729,92.191185,84.160767
30,0.250000,0.006886,0.930931,0.022406,0.364442,-215.072342,92.186378,84.157112
31,0.258333,0.006458,0.930808,0.022525,0.364756,-215.077881,92.192070,84.164780
32,0.266667,0.007021,0.930930,0.022681,0.364425,-215.075272,92.183044,84.160194
33,0.275000,0.007017,0.930939,0.022664,0.364404,-215.077042,92.183365,84.160225
34,0.283333,0.007015,0.930958,0.022684,0.364354,-215.075729,92.184021,84.160027
35,0.291667,0.006367,0.930844,0.022663,0.364659,-215.078873,92.190788,84.168732
36,0.300000,0.006370,0.930781,0.022583,0.364825,-215.079376,92.190193,84.167931
37,0.308333,0.006399,0.930766,0.022585,0.364860,-215.079407,92.188759,84.167755
38,0.316667,0.006516,0.930799,0.022511,0.364780,-215.078552,92.189331,84.167931
39,0.325000,0.006186,0.930785,0.022497,0.364822,-215.076660,92.188286,84.164185
40,0.333333,0.007073,0.930964,0.022397,0.364355,-215.069763,92.183128,84.156494
41,0.341667,0.006264,0.930796,0.022474,0.364793,-215.075272,92.190941,84.160622
42,0.350000,0.006401,0.930757,0.022170,0.364911,-215.075500,92.189613,84.159737
43,0.358333,0.007152,0.930924,0.022235,0.364466,-215.070755,92.182533,84.151611
44,0.366667,0.006597,0.930801,0.022324,0.364785,-215.075729,92.188576,84.157074
45,0.375000,0.006623,0.930770,0.022430,0.364856,-215.078766,92.189316,84.160423
46,0.383333,0.006462,0.930762,0.022467,0.364878,-215.079025,92.188972,84.160149
47,0.391667,0.006508,0.930791,0.022251,0.364816,-215.079147,92.191040,84.161499
48,0.400000,0.006281,0.930760,0.022392,0.364890,-215.078094,92.190269,84.162529
49,0.408333,0.006195,0.930774,0.022497,0.364849,-215.077301,92.190689,84.164093
50,0.416667,0.006214,0.930805,0.022576,0.364766,-215.077209,92.190399,84.165314
51,0.425000,0.006168,0.930801,0.022654,0.364772,-215.076950,92.189613,84.165642
52,0.433333,0.006987,0.930945,0.022600,0.364392,-215.071243,92.184052,84.161667
53,0.441667,0.006174,0.930807,0.022696,0.364754,-215.076492,92.189774,84.166206
54,0.450000,0.006257,0.930781,0.022678,0.364821,-215.080002,92.189964,84.167374
55,0.458333,0.006286,0.930791,0.022659,0.364795,-215.081711,92.190750,84.169273
56,0.466667,0.006254,0.930760,0.022693,0.364871,-215.082245,92.189621,84.168152
57,0.475000,0.006170,0.930770,0.022726,0.364846,-215.081329,92.190071,84.168846
58,0.483333,0.006048,0.930785,0.022764,0.364808,-215.080673,92.190224,84.168594
59,0.491667,0.006050,0.930787,0.022745,0.364804,-215.081161,92.191231,84.167404
60,0.500000,0.006006,0.930791,0.022713,0.364796,-215.082092,92.192101,84.167145
61,0.508333,0.006038,0.930804,0.022641,0.364767,-215.082199,92.191032,84.166466
62,0.516667,0.006152,0.930806,0.022723,0.364755,-215.082306,92.190247,84.168114
63,0.525000,0.006127,0.930770,0.022698,0.364849,-215.082626,92.190018,84.167679
64,0.533333,0.006199,0.930765,0.022726,0.364859,-215.084320,92.190704,84.167908
65,0.541667,0.007080,0.930930,0.022738,0.364419,-215.077896,92.183739,84.160828
66,0.550000,0.007146,0.930950,0.022704,0.364369,-215.076111,92.182190,84.158401
67,0.558333,0.006992,0.930952,0.022700,0.364368,-215.075897,92.182152,84.159416
68,0.566667,0.006906,0.930952,0.022672,0.364371,-215.074066,92.184105,84.160530
69,0.575000,0.006112,0.930850,0.022695,0.364646,-215.078064,92.191696,84.167084
70,0.583333,0.006102,0.930803,0.022754,0.364762,-215.080734,92.192688,84.169685
71,0.591667,0.006222,0.930761,0.022704,0.364870,-215.081314,92.191223,84.168922
72,0.600000,0.006217,0.930753,0.022681,0.364891,-215.082199,92.189659,84.169327
73,0.608333,0.006315,0.930769,0.022668,0.364850,-215.081833,92.189774,84.169212
74,0.616667,0.006314,0.930784,0.022705,0.364809,-215.081711,92.190254,84.169235
75,0.625000,0.006934,0.930924,0.022642,0.364445,-215.074509,92.183647,84.160889
76,0.633333,0.006359,0.930828,0.022547,0.364706,-215.080048,92.190842,84.167648
77,0.641667,0.006327,0.930778,0.022582,0.364833,-215.083450,92.190697,84.168724
78,0.650000,0.006293,0.930747,0.022548,0.364913,-215.083984,92.190315,84.168243
79,0.658333,0.006373,0.930758,0.022550,0.364883,-215.084625,92.190521,84.167618
80,0.666667,0.006288,0.930776,0.022535,0.364840,-215.083832,92.190704,84.166359
81,0.675000,0.006399,0.930792,0.022529,0.364798,-215.084488,92.190826,84.166534
82,0.683333,0.006940,0.930944,0.022571,0.364399,-215.076950,92.182159,84.159729
83,0.691667,0.006290,0.930822,0.022647,0.364716,-215.081909,92.188591,84.166016
84,0.700000,0.006325,0.930782,0.022814,0.364806,-215.085983,92.189476,84.169334
85,0.708333,0.006426,0.930764,0.022770,0.364854,-215.087296,92.189903,84.169228
86,0.716667,0.006382,0.930744,0.022721,0.364910,-215.086746,92.188995,84.169937
87,0.725000,0.006299,0.930774,0.022777,0.364832,-215.085297,92.189423,84.170197
88,0.733333,0.007013,0.930906,0.022806,0.364479,-215.076538,92.182281,84.161736
89,0.741667,0.006423,0.930821,0.022754,0.364709,-215.080765,92.189461,84.167656
90,0.750000,0.006424,0.930779,0.022772,0.364816,-215.082962,92.188850,84.169647
91,0.758333,0.006392,0.930787,0.022768,0.364796,-215.083282,92.188072,84.170204
92,0.766667,0.007066,0.930922,0.022736,0.364441,-215.077286,92.181801,84.162254
93,0.775000,0.006363,0.930799,0.022656,0.364774,-215.082138,92.188400,84.166840
94,0.783333,0.006529,0.930765,0.022646,0.364858,-215.084808,92.188957,84.167709
95,0.791667,0.006451,0.930773,0.022592,0.364842,-215.084763,92.188660,84.166962
96,0.800000,0.007246,0.930930,0.022672,0.364422,-215.077759,92.181381,84.158958
97,0.808333,0.006634,0.930813,0.022691,0.364730,-215.081970,92.188446,84.165268
98,0.816667,0.006485,0.930795,0.022657,0.364781,-215.083694,92.188087,84.165718
99,0.825000,0.007320,0.930939,0.022596,0.364402,-215.077545,92.181602,84.159470
100,0.833333,0.006369,0.930775,0.022711,0.364830,-215.084045,92.188477,84.165581
101,0.841667,0.007343,0.930923,0.022686,0.364437,-215.079254,92.181969,84.158676
102,0.850000,0.006450,0.930769,0.022822,0.364837,-215.084488,92.187553,84.168007
103,0.858333,0.006354,0.930779,0.022732,0.364819,-215.085938,92.189041,84.168205
104,0.866667,0.006225,0.930771,0.022704,0.364844,-215.084320,92.189369,84.168991
105,0.875000,0.006276,0.930758,0.022733,0.364874,-215.081207,92.190895,84.168938
106,0.883333,0.006147,0.930777,0.022732,0.364828,-215.078491,92.192093,84.168648
107,0.891667,0.006104,0.930804,0.022688,0.364762,-215.076279,92.191429,84.169067
108,0.900000,0.006070,0.930810,0.022621,0.364752,-215.074921,92.191368,84.167877
109,0.908333,0.006181,0.930812,0.022623,0.364746,-215.074081,92.190948,84.166573
110,0.916667,0.006187,0.930796,0.022599,0.364786,-215.073608,92.191032,84.165070
111,0.925000,0.006200,0.930807,0.022345,0.364774,-215.074127,92.191956,84.162064
112,0.933333,0.006123,0.930783,0.022389,0.364835,-215.074112,92.190811,84.160103
113,0.941667,0.006310,0.930781,0.022361,0.364838,-215.074280,92.191452,84.160706
114,0.950000,0.006367,0.930784,0.022322,0.364832,-215.074661,92.191956,84.159325
115,0.958333,0.006318,0.930794,0.022274,0.364810,-215.076538,92.192184,84.158615
116,0.966667,0.006137,0.930795,0.022281,0.364809,-215.079544,92.192245,84.158264
117,0.975000,0.006234,0.930777,0.022438,0.364846,-215.080948,92.191025,84.160194
118,0.983333,0.006290,0.930778,0.022540,0.364835,-215.082169,92.190781,84.162369
119,0.991667,0.006473,0.930759,0.022652,0.364873,-215.082886,92.190880,84.164772
120,1.000000,0.006374,0.930776,0.022754,0.364826,-215.084106,92.190384,84.166245
121,1.008333,0.007012,0.930916,0.022726,0.364459,-215.078094,92.183701,84.160400
122,1.016667,0.006204,0.930780,0.022797,0.364815,-215.083344,92.190674,84.167198
123,1.025000,0.006384,0.930784,0.022757,0.364805,-215.082123,92.189247,84.169395
124,1.033333,0.006317,0.930774,0.022640,0.364838,-215.079758,92.188805,84.168198
125,1.041667,0.006374,0.930789,0.022518,0.364807,-215.076447,92.188972,84.168221
126,1.050000,0.006331,0.930783,0.022435,0.364828,-215.073135,92.190186,84.166161
127,1.058333,0.006234,0.930785,0.022180,0.364839,-215.070251,92.190376,84.162628
128,1.066667,0.006150,0.930823,0.022315,0.364737,-215.071625,92.192062,84.163124
129,1.075000,0.006049,0.930823,0.022608,0.364720,-215.072662,92.191612,84.164444
130,1.083333,0.005895,0.930847,0.022759,0.364652,-215.077515,92.193344,84.167564
131,1.091667,0.005718,0.930814,0.022798,0.364736,-215.086548,92.195503,84.167877
132,1.100000,0.006245,0.930902,0.022842,0.364500,-215.089798,92.190399,84.160385
133,1.108333,0.006261,0.930926,0.022993,0.364430,-215.098709,92.190056,84.160034
134,1.116667,0.006148,0.930933,0.023110,0.364407,-215.105011,92.190315,84.162025
135,1.125000,0.005864,0.930958,0.023178,0.364342,-215.111679,92.191025,84.163956
136,1.133333,0.005574,0.931002,0.023417,0.364220,-215.117676,92.191162,84.165672
137,1.141667,0.005491,0.930980,0.023631,0.364262,-215.125198,92.191574,84.169395
138,1.150000,0.005233,0.930933,0.023774,0.364378,-215.135239,92.193306,84.172592
139,1.158333,0.004925,0.930965,0.024044,0.364282,-215.146820,92.194443,84.174683
140,1.166667,0.004781,0.930961,0.024423,0.364270,-215.156143,92.190308,84.180008
141,1.175000,0.004574,0.930965,0.024520,0.364256,-215.166061,92.191154,84.182289
142,1.183333,0.004392,0.930925,0.024766,0.364344,-215.174683,92.189423,84.182777
143,1.191667,0.004056,0.930919,0.025035,0.364344,-215.182190,92.187668,84.185623
144,1.200000,0.003750,0.930926,0.025153,0.364321,-215.188431,92.188004,84.186798
145,1.208333,0.003709,0.930940,0.025148,0.364285,-215.194946,92.188797,84.188583
146,1.216667,0.003605,0.930924,0.025238,0.364322,-215.202850,92.189400,84.188805
147,1.225000,0.003530,0.930913,0.025181,0.364356,-215.212891,92.189255,84.190193
148,1.233333,0.003426,0.930915,0.025225,0.364348,-215.223434,92.189041,84.191643
149,1.241667,0.003414,0.930914,0.025296,0.364345,-215.235657,92.188522,84.191582
150,1.250000,0.003133,0.930942,0.025472,0.364265,-215.248413,92.186646,84.193748
151,1.258333,0.002759,0.930952,0.025690,0.364225,-215.263718,92.185143,84.194031
152,1.266667,0.002547,0.931007,0.025782,0.364082,-215.277740,92.184158,84.196541
153,1.275000,0.002343,0.930998,0.025945,0.364093,-215.291687,92.184097,84.197823
154,1.283333,0.001955,0.930960,0.026120,0.364180,-215.302963,92.184975,84.197868
155,1.291667,0.001633,0.930984,0.026091,0.364123,-215.313217,92.186165,84.197281
156,1.300000,0.001353,0.930972,0.026315,0.364137,-215.320236,92.184036,84.196846
157,1.308333,0.001137,0.930970,0.026446,0.364135,-215.326263,92.184525,84.198799
158,1.316667,0.000914,0.930939,0.026557,0.364206,-215.331146,92.184845,84.198494
159,1.325000,-0.000093,0.930866,0.025986,0.364434,-215.344742,92.193184,84.190659
160,1.333333,-0.000256,0.930637,0.025995,0.365019,-215.363785,92.195038,84.189323
161,1.341667,-0.000493,0.930660,0.026159,0.364948,-215.374756,92.194420,84.183754
162,1.350000,-0.000452,0.930619,0.026540,0.365026,-215.385849,92.189796,84.181824
163,1.358333,-0.000665,0.930622,0.026664,0.365009,-215.398666,92.186935,84.180435
164,1.366667,-0.000982,0.930614,0.026744,0.365023,-215.410370,92.186096,84.180794
165,1.375000,-0.001455,0.930665,0.026916,0.364877,-215.423615,92.185753,84.181511
166,1.383333,-0.001522,0.930527,0.027617,0.365176,-215.442535,92.184273,84.194374
167,1.391667,-0.001974,0.930586,0.027878,0.365005,-215.450455,92.188866,84.202065
168,1.400000,-0.002592,0.930641,0.027773,0.364868,-215.454773,92.192642,84.210556
169,1.408333,-0.003151,0.930683,0.027895,0.364747,-215.465576,92.197487,84.217079
170,1.416667,-0.003406,0.930630,0.027860,0.364883,-215.479370,92.201576,84.216774
171,1.425000,-0.003623,0.930621,0.028218,0.364876,-215.492554,92.202621,84.215836
172,1.433333,-0.003794,0.930571,0.028385,0.364990,-215.504807,92.203056,84.214851
173,1.441667,-0.003851,0.930583,0.028649,0.364938,-215.516357,92.202377,84.212997
174,1.450000,-0.003892,0.930583,0.028703,0.364933,-215.527771,92.200645,84.211731
175,1.458333,-0.003982,0.930559,0.028965,0.364974,-215.538666,92.197632,84.211525
176,1.466667,-0.004161,0.930480,0.029239,0.365149,-215.549896,92.201271,84.211609
177,1.475000,-0.004512,0.930424,0.029443,0.365274,-215.557953,92.202545,84.212883
178,1.483333,-0.004978,0.930326,0.029471,0.365513,-215.566422,92.205894,84.214684
179,1.491667,-0.005210,0.930301,0.029611,0.365563,-215.572739,92.209991,84.217941
180,1.500000,-0.005482,0.930314,0.029918,0.365502,-215.572601,92.210373,84.217247
181,1.508333,-0.005183,0.930348,0.029947,0.365417,-215.569260,92.206177,84.215714
182,1.516667,-0.004681,0.930455,0.029688,0.365173,-215.565613,92.204880,84.214340
183,1.525000,-0.004561,0.930516,0.029692,0.365018,-215.563583,92.202904,84.214195
184,1.533333,-0.004453,0.930496,0.029636,0.365075,-215.565445,92.203094,84.214310
185,1.541667,-0.004587,0.930470,0.029750,0.365128,-215.569763,92.203209,84.214958
186,1.550000,-0.004665,0.930423,0.029912,0.365234,-215.576096,92.203751,84.212959
187,1.558333,-0.005162,0.930310,0.030054,0.365504,-215.582306,92.205757,84.214401
188,1.566667,-0.005265,0.930328,0.030102,0.365453,-215.584808,92.205055,84.212257
189,1.575000,-0.005080,0.930308,0.030242,0.365496,-215.586502,92.202393,84.209549
190,1.583333,-0.004784,0.930324,0.030364,0.365449,-215.587326,92.202774,84.208984
191,1.591667,-0.004833,0.930322,0.030258,0.365461,-215.586975,92.203209,84.210625
192,1.600000,-0.005059,0.930369,0.030127,0.365351,-215.584183,92.201736,84.211372
193,1.608333,-0.005186,0.930365,0.030086,0.365361,-215.583939,92.200012,84.211746
194,1.616667,-0.005500,0.930303,0.030126,0.365511,-215.585617,92.204437,84.216248
195,1.625000,-0.005302,0.930364,0.030314,0.365342,-215.584854,92.205040,84.214767
196,1.633333,-0.005302,0.930310,0.030299,0.365481,-215.588760,92.206100,84.217422
197,1.641667,-0.005590,0.930284,0.030346,0.365540,-215.591293,92.206230,84.218834
198,1.650000,-0.005864,0.930265,0.030496,0.365571,-215.592224,92.206993,84.220154
199,1.658333,-0.005968,0.930265,0.030623,0.365560,-215.593094,92.208900,84.220917
200,1.666667,-0.006076,0.930267,0.030837,0.365535,-215.594696,92.208252,84.220520
201,1.675000,-0.005956,0.930271,0.030673,0.365541,-215.598160,92.209084,84.220345
202,1.683333,-0.006100,0.930290,0.030695,0.365488,-215.601349,92.209473,84.220032
203,1.691667,-0.006346,0.930270,0.030696,0.365534,-215.605347,92.208221,84.217392
204,1.700000,-0.006227,0.930224,0.030770,0.365647,-215.608856,92.208221,84.216377
205,1.708333,-0.006280,0.930219,0.030924,0.365646,-215.610809,92.208504,84.213867
206,1.716667,-0.006227,0.930209,0.030913,0.365673,-215.613037,92.207466,84.213539
207,1.725000,-0.006120,0.930215,0.030862,0.365663,-215.615112,92.208473,84.212563
208,1.733333,-0.006174,0.930198,0.031031,0.365692,-215.616745,92.208534,84.212914
209,1.741667,-0.006254,0.930201,0.031020,0.365685,-215.617325,92.206985,84.214340
210,1.750000,-0.006284,0.930186,0.030935,0.365728,-215.616348,92.207794,84.213379
211,1.758333,-0.006362,0.930218,0.030839,0.365655,-215.615112,92.206627,84.214630
212,1.766667,-0.006225,0.930215,0.030912,0.365659,-215.613220,92.206703,84.214607
213,1.775000,-0.006220,0.930221,0.030940,0.365640,-215.612076,92.206451,84.214767
214,1.783333,-0.006125,0.930245,0.030789,0.365593,-215.609528,92.206551,84.215561
215,1.791667,-0.006247,0.930250,0.030759,0.365581,-215.605972,92.205597,84.215927
216,1.800000,-0.006141,0.930259,0.030816,0.365556,-215.604813,92.207100,84.217415
217,1.808333,-0.006046,0.930278,0.030940,0.365499,-215.603592,92.207893,84.219177
218,1.816667,-0.006224,0.930290,0.030930,0.365466,-215.603287,92.207985,84.219688
219,1.825000,-0.006127,0.930286,0.030852,0.365484,-215.602798,92.207748,84.219482
220,1.833333,-0.006181,0.930299,0.030779,0.365457,-215.604584,92.208321,84.220055
221,1.841667,-0.006093,0.930289,0.030868,0.365476,-215.606018,92.208321,84.220161
222,1.850000,-0.006224,0.930253,0.030875,0.365564,-215.607925,92.208748,84.217224
223,1.858333,-0.006205,0.930212,0.030942,0.365664,-215.610886,92.208984,84.216751
224,1.866667,-0.006211,0.930209,0.030924,0.365674,-215.612869,92.208359,84.216019
225,1.875000,-0.006213,0.930221,0.030944,0.365641,-215.614487,92.207596,84.214516
226,1.883333,-0.006250,0.930185,0.030974,0.365729,-215.614838,92.208008,84.214088
227,1.891667,-0.006369,0.930225,0.030927,0.365628,-215.614914,92.206818,84.213585
228,1.900000,-0.006192,0.930199,0.030893,0.365701,-215.616013,92.208580,84.213898
229,1.908333,-0.006101,0.930218,0.030919,0.365653,-215.615204,92.208588,84.214226
230,1.916667,-0.006200,0.930239,0.030959,0.365594,-215.613434,92.208153,84.214073
231,1.925000,-0.006219,0.930244,0.030886,0.365587,-215.611481,92.205887,84.214134
232,1.933333,-0.006279,0.930251,0.030870,0.365569,-215.609222,92.205612,84.214195
233,1.941667,-0.006235,0.930248,0.030828,0.365582,-215.607269,92.206154,84.216530
234,1.950000,-0.006185,0.930245,0.030828,0.365590,-215.605469,92.206764,84.216942
235,1.958333,-0.006122,0.930255,0.030816,0.365566,-215.604614,92.206963,84.218307
236,1.966667,-0.006152,0.930276,0.030739,0.365518,-215.603943,92.207321,84.217827
237,1.975000,-0.006170,0.930273,0.030789,0.365523,-215.604691,92.205887,84.217484
238,1.983333,-0.006145,0.930252,0.030879,0.365569,-215.606064,92.206230,84.219002
239,1.991667,-0.006274,0.930284,0.030859,0.365487,-215.606857,92.206207,84.218124
240,2.000000,-0.006202,0.930277,0.030871,0.365505,-215.609451,92.206505,84.216621
241,2.008333,-0.006197,0.930246,0.031010,0.365572,-215.611557,92.205307,84.215279
242,2.016667,-0.006312,0.930208,0.031094,0.365659,-215.613678,92.205368,84.215492
243,2.025000,-0.006219,0.930188,0.031045,0.365717,-215.615219,92.206261,84.215698
244,2.033333,-0.006224,0.930219,0.030943,0.365644,-215.614227,92.206146,84.214798
245,2.041667,-0.006262,0.930234,0.030916,0.365608,-215.614746,92.207047,84.214417
246,2.050000,-0.006205,0.930199,0.031000,0.365692,-215.614944,92.207069,84.214981
247,2.058333,-0.006278,0.930231,0.030963,0.365612,-215.613586,92.207077,84.215088
248,2.066667,-0.006172,0.930253,0.030873,0.365566,-215.613083,92.205887,84.215614
249,2.075000,-0.006228,0.930229,0.031118,0.365604,-215.611221,92.206039,84.215271
250,2.083333,-0.006120,0.930232,0.031023,0.365606,-215.609360,92.205849,84.216652
251,2.091667,-0.006148,0.930280,0.030973,0.365489,-215.605972,92.207352,84.217674
252,2.100000,-0.006040,0.930275,0.030781,0.365520,-215.604370,92.208260,84.218796
253,2.108333,-0.006072,0.930290,0.030640,0.365494,-215.602417,92.208694,84.219376
254,2.116667,-0.006080,0.930294,0.030731,0.365474,-215.601395,92.208824,84.219673
255,2.125000,-0.006035,0.930292,0.030704,0.365482,-215.600998,92.208305,84.220154
256,2.133333,-0.006019,0.930284,0.030775,0.365498,-215.601303,92.208069,84.220352
257,2.141667,-0.006059,0.930304,0.030688,0.365453,-215.603302,92.208755,84.220131
258,2.150000,-0.006140,0.930258,0.030751,0.365564,-215.607208,92.209335,84.220299
259,2.158333,-0.006193,0.930261,0.030824,0.365549,-215.609573,92.208038,84.218994
260,2.166667,-0.006353,0.930234,0.031034,0.365598,-215.611649,92.207405,84.217110
261,2.175000,-0.006401,0.930225,0.031023,0.365619,-215.613937,92.207443,84.215302
262,2.183333,-0.006287,0.930192,0.031013,0.365707,-215.617065,92.207130,84.216110
263,2.191667,-0.006357,0.930207,0.030949,0.365672,-215.616531,92.207756,84.214928
264,2.200000,-0.006425,0.930187,0.031073,0.365712,-215.616653,92.207161,84.214493
265,2.208333,-0.006177,0.930225,0.030952,0.365631,-215.615494,92.206093,84.215874
266,2.216667,-0.006202,0.930232,0.030919,0.365615,-215.614029,92.205780,84.214935
267,2.225000,-0.006289,0.930236,0.030866,0.365608,-215.612411,92.206383,84.215363
268,2.233333,-0.006292,0.930248,0.030952,0.365570,-215.609573,92.206558,84.215874
269,2.241667,-0.006297,0.930248,0.030989,0.365566,-215.607529,92.206444,84.218361
270,2.250000,-0.006288,0.930242,0.030856,0.365593,-215.605347,92.208054,84.219528
271,2.258333,-0.006276,0.930283,0.030718,0.365501,-215.601807,92.208130,84.218643
272,2.266667,-0.006147,0.930277,0.030715,0.365517,-215.602417,92.208351,84.219193
273,2.275000,-0.006089,0.930305,0.030800,0.365439,-215.603134,92.209175,84.219650
274,2.283333,-0.006131,0.930271,0.030877,0.365519,-215.603683,92.208290,84.219482
275,2.291667,-0.006217,0.930260,0.030926,0.365543,-215.605133,92.208931,84.219864
276,2.300000,-0.006153,0.930240,0.030771,0.365608,-215.606445,92.209038,84.218132
277,2.308333,-0.006097,0.930235,0.030858,0.365613,-215.609116,92.209419,84.219513
278,2.316667,-0.006256,0.930262,0.030882,0.365540,-215.611343,92.210190,84.217491
279,2.325000,-0.006129,0.930232,0.030906,0.365616,-215.615112,92.210167,84.216843
280,2.333333,-0.006230,0.930213,0.031008,0.365656,-215.616562,92.209389,84.215836
281,2.341667,-0.006273,0.930193,0.031045,0.365702,-215.617508,92.208237,84.215134
282,2.350000,-0.006287,0.930188,0.030944,0.365723,-215.617752,92.207092,84.215538
283,2.358333,-0.006252,0.930227,0.030895,0.365627,-215.617065,92.207169,84.213844
284,2.366667,-0.006065,0.930221,0.030951,0.365643,-215.616425,92.207809,84.216103
285,2.375000,-0.006072,0.930218,0.031158,0.365633,-215.613602,92.208115,84.217110
286,2.383333,-0.006222,0.930249,0.031000,0.365565,-215.610809,92.207489,84.217537
287,2.391667,-0.006272,0.930244,0.030916,0.365582,-215.609955,92.207588,84.219017
288,2.400000,-0.006307,0.930270,0.030931,0.365515,-215.609360,92.207367,84.218338
289,2.408333,-0.006194,0.930259,0.030966,0.365543,-215.608475,92.206779,84.219963
290,2.416667,-0.006279,0.930251,0.031053,0.365553,-215.607788,92.206581,84.219833
291,2.425000,-0.006169,0.930275,0.031050,0.365496,-215.607925,92.207047,84.219666
292,2.433333,-0.006094,0.930284,0.031041,0.365474,-215.607590,92.206345,84.219238
293,2.441667,-0.006289,0.930259,0.030921,0.365543,-215.608398,92.206932,84.218163
294,2.450000,-0.006369,0.930246,0.030876,0.365580,-215.610458,92.207977,84.218735
295,2.458333,-0.006360,0.930256,0.030965,0.365546,-215.611908,92.207703,84.218155
296,2.466667,-0.006238,0.930234,0.031135,0.365589,-215.615417,92.207771,84.219894
297,2.475000,-0.006276,0.930216,0.031119,0.365636,-215.616913,92.209419,84.219200
298,2.483333,-0.006632,0.930228,0.031008,0.365609,-215.622620,92.211700,84.214958
299,2.491667,-0.006787,0.930209,0.030879,0.365667,-215.625839,92.213478,84.213997
300,2.500000,-0.006899,0.930167,0.031005,0.365761,-215.625626,92.213371,84.213829
301,2.508333,-0.006767,0.930187,0.030999,0.365712,-215.625183,92.213005,84.214180
302,2.516667,-0.006680,0.930197,0.031043,0.365685,-215.623779,92.212471,84.214439
303,2.525000,-0.006372,0.930233,0.030992,0.365603,-215.616943,92.209442,84.216866
304,2.533333,-0.006383,0.930210,0.030914,0.365669,-215.613220,92.209122,84.218338
305,2.541667,-0.006317,0.930243,0.030805,0.365594,-215.610046,92.209885,84.217514
306,2.550000,-0.006251,0.930240,0.030791,0.365605,-215.608353,92.209038,84.218735
307,2.558333,-0.006321,0.930265,0.030860,0.365534,-215.606552,92.209152,84.218750
308,2.566667,-0.006250,0.930271,0.030953,0.365511,-215.606766,92.208527,84.219040
309,2.575000,-0.006237,0.930254,0.030963,0.365553,-215.608398,92.208054,84.218941
310,2.583333,-0.006176,0.930262,0.030938,0.365537,-215.609695,92.209290,84.217194
311,2.591667,-0.006273,0.930248,0.030962,0.365569,-215.611450,92.208046,84.216011
312,2.600000,-0.006365,0.930229,0.031016,0.365610,-215.613586,92.206673,84.215294
313,2.608333,-0.006327,0.930237,0.030984,0.365594,-215.616302,92.207077,84.215988
314,2.616667,-0.006290,0.930233,0.030900,0.365611,-215.618484,92.208748,84.216087
315,2.625000,-0.006404,0.930221,0.031064,0.365626,-215.618866,92.206909,84.215324
316,2.633333,-0.006427,0.930193,0.031101,0.365694,-215.621658,92.206970,84.217613
317,2.641667,-0.006766,0.930190,0.030902,0.365713,-215.627869,92.211548,84.215317
318,2.650000,-0.007078,0.930190,0.030969,0.365702,-215.629318,92.213577,84.214607
319,2.658333,-0.006599,0.930183,0.031161,0.365711,-215.622620,92.208649,84.218307
320,2.666667,-0.006539,0.930219,0.031187,0.365619,-215.618591,92.207268,84.217712
321,2.675000,-0.006234,0.930224,0.031157,0.365615,-215.618591,92.207787,84.221291
322,2.683333,-0.006175,0.930239,0.030992,0.365592,-215.614502,92.209564,84.220055
323,2.691667,-0.006213,0.930249,0.030855,0.365576,-215.611725,92.209335,84.220566
324,2.700000,-0.006261,0.930265,0.030941,0.365529,-215.609665,92.209480,84.220680
325,2.708333,-0.006210,0.930253,0.030867,0.365565,-215.606400,92.207977,84.217484
326,2.716667,-0.006220,0.930271,0.030910,0.365516,-215.606277,92.208549,84.220795
327,2.725000,-0.006232,0.930281,0.030777,0.365501,-215.605515,92.211227,84.219666
328,2.733333,-0.006372,0.930266,0.030861,0.365529,-215.605118,92.211479,84.218628
329,2.741667,-0.006340,0.930266,0.030851,0.365530,-215.606873,92.210106,84.218010
330,2.750000,-0.006354,0.930238,0.030840,0.365604,-215.610291,92.210052,84.215294
331,2.758333,-0.006252,0.930248,0.030799,0.365583,-215.614838,92.209526,84.216759
332,2.766667,-0.006610,0.930231,0.030823,0.365618,-215.621262,92.211548,84.212509
333,2.775000,-0.006837,0.930211,0.030889,0.365660,-215.625626,92.213394,84.212204
334,2.783333,-0.006450,0.930185,0.031056,0.365719,-215.622574,92.209457,84.216187
335,2.791667,-0.006653,0.930188,0.030940,0.365717,-215.627716,92.210426,84.212662
336,2.800000,-0.006879,0.930166,0.030505,0.365806,-215.630203,92.210266,84.211609
337,2.808333,-0.007053,0.930191,0.030773,0.365717,-215.630554,92.210548,84.211372
338,2.816667,-0.006925,0.930177,0.030990,0.365735,-215.629059,92.210670,84.212723
339,2.825000,-0.006343,0.930199,0.031007,0.365688,-215.621231,92.207863,84.216011
340,2.833333,-0.006327,0.930239,0.031066,0.365583,-215.617371,92.209015,84.217896
341,2.841667,-0.006362,0.930239,0.031039,0.365584,-215.614105,92.207649,84.219269
342,2.850000,-0.006342,0.930260,0.031032,0.365532,-215.610931,92.206871,84.218048
343,2.858333,-0.006380,0.930254,0.031026,0.365546,-215.609024,92.206337,84.218224
344,2.866667,-0.006356,0.930247,0.031003,0.365567,-215.608002,92.207222,84.216820
345,2.875000,-0.006204,0.930264,0.030867,0.365538,-215.607971,92.209366,84.217880
346,2.883333,-0.006345,0.930282,0.030861,0.365489,-215.607407,92.208427,84.217003
347,2.891667,-0.006309,0.930281,0.030975,0.365484,-215.608566,92.207123,84.216293
348,2.900000,-0.006149,0.930256,0.030899,0.365556,-215.611176,92.208061,84.215370
349,2.908333,-0.006340,0.930235,0.030968,0.365601,-215.614014,92.208740,84.215393
350,2.916667,-0.006342,0.930210,0.031143,0.365649,-215.616638,92.208702,84.216866
351,2.925000,-0.006175,0.930224,0.031123,0.365619,-215.618103,92.209557,84.217285
352,2.933333,-0.006566,0.930248,0.031146,0.365549,-215.624573,92.210884,84.215500
353,2.941667,-0.006346,0.930206,0.031092,0.365664,-215.622131,92.209610,84.218994
354,2.950000,-0.006687,0.930229,0.030978,0.365608,-215.624329,92.211723,84.215561
355,2.958333,-0.006377,0.930220,0.031035,0.365633,-215.620895,92.210533,84.218483
356,2.966667,-0.006502,0.930224,0.031029,0.365621,-215.623184,92.212082,84.215942
357,2.975000,-0.006123,0.930234,0.031104,0.365596,-215.618042,92.208954,84.218933
358,2.983333,-0.006199,0.930273,0.031005,0.365502,-215.614151,92.207443,84.219048
359,2.991667,-0.006227,0.930232,0.030874,0.365618,-215.613266,92.208061,84.219109
360,3.000000,-0.006291,0.930259,0.030892,0.365546,-215.611481,92.207840,84.219566
361,3.008333,-0.006312,0.930247,0.030906,0.365576,-215.609222,92.206703,84.218414
362,3.016667,-0.006127,0.930278,0.030821,0.365506,-215.609192,92.208191,84.219238
363,3.025000,-0.006151,0.930272,0.030883,0.365518,-215.609009,92.207748,84.218849
364,3.033333,-0.006282,0.930280,0.031035,0.365481,-215.608459,92.204857,84.219414
365,3.041667,-0.006293,0.930284,0.031027,0.365472,-215.609070,92.204849,84.218987
366,3.050000,-0.006253,0.930262,0.031032,0.365527,-215.611053,92.205948,84.218063
367,3.058333,-0.006183,0.930256,0.031041,0.365543,-215.613678,92.206352,84.219864
368,3.066667,-0.006288,0.930247,0.031162,0.365555,-215.614960,92.206184,84.220985
369,3.075000,-0.006317,0.930247,0.031191,0.365551,-215.615967,92.206375,84.221146
370,3.083333,-0.006325,0.930256,0.031190,0.365529,-215.616821,92.206749,84.221428
371,3.091667,-0.006302,0.930246,0.031141,0.365560,-215.617584,92.207329,84.221214
372,3.100000,-0.006075,0.930244,0.031139,0.365566,-215.618973,92.208557,84.222786
373,3.108333,-0.006302,0.930226,0.031247,0.365601,-215.619308,92.207764,84.222603
374,3.116667,-0.006183,0.930216,0.031061,0.365644,-215.618805,92.207718,84.223663
375,3.125000,-0.006118,0.930228,0.030945,0.365624,-215.615494,92.208115,84.223686
376,3.133333,-0.006106,0.930233,0.031037,0.365603,-215.614029,92.208275,84.222389
377,3.141667,-0.006295,0.930244,0.031084,0.365569,-215.612320,92.207626,84.222328
378,3.150000,-0.006300,0.930262,0.031071,0.365524,-215.610977,92.206482,84.222153
379,3.158333,-0.006212,0.930261,0.030955,0.365538,-215.609772,92.207771,84.221336
380,3.166667,-0.006239,0.930254,0.030958,0.365554,-215.607529,92.206085,84.220093
381,3.175000,-0.006274,0.930270,0.031010,0.365508,-215.606018,92.205101,84.219833
382,3.183333,-0.006208,0.930283,0.030942,0.365483,-215.607452,92.207077,84.221199
383,3.191667,-0.006211,0.930284,0.030845,0.365488,-215.608246,92.207512,84.220772
384,3.200000,-0.006196,0.930265,0.030873,0.365534,-215.610153,92.208015,84.220688
385,3.208333,-0.006315,0.930265,0.031071,0.365515,-215.611862,92.206947,84.220703
386,3.216667,-0.006266,0.930245,0.031056,0.365568,-215.613083,92.205742,84.220467
387,3.225000,-0.006234,0.930256,0.031055,0.365542,-215.614944,92.205635,84.220566
388,3.233333,-0.006236,0.930237,0.031060,0.365589,-215.616394,92.206253,84.220657
389,3.241667,-0.006238,0.930257,0.031083,0.365537,-215.617188,92.206123,84.221664
390,3.250000,-0.006317,0.930241,0.031121,0.365572,-215.617706,92.204872,84.221146
391,3.258333,-0.006217,0.930244,0.031026,0.365574,-215.618179,92.204887,84.221535
392,3.266667,-0.006203,0.930237,0.031083,0.365589,-215.617203,92.205299,84.221855
393,3.275000,-0.006265,0.930239,0.031106,0.365579,-215.614746,92.206154,84.221176
394,3.283333,-0.006187,0.930231,0.031123,0.365600,-215.612442,92.205559,84.222305
395,3.291667,-0.006248,0.930276,0.030940,0.365499,-215.608734,92.206253,84.221176
396,3.300000,-0.006286,0.930300,0.030908,0.365440,-215.607147,92.207458,84.223610
397,3.308333,-0.006177,0.930308,0.030756,0.365435,-215.603821,92.208740,84.222702
398,3.316667,-0.006143,0.930353,0.030775,0.365318,-215.600372,92.207924,84.223343
399,3.325000,-0.006156,0.930368,0.030638,0.365293,-215.597534,92.208488,84.223869
400,3.333333,-0.005995,0.930424,0.030741,0.365143,-215.593048,92.208763,84.227165
401,3.341667,-0.006640,0.930395,0.030726,0.365208,-215.597443,92.213478,84.228882
402,3.350000,-0.006665,0.930387,0.030824,0.365220,-215.596481,92.213287,84.233482
403,3.358333,-0.006560,0.930385,0.030909,0.365219,-215.597824,92.211090,84.234344
404,3.366667,-0.006344,0.930389,0.030987,0.365207,-215.599274,92.208771,84.234680
405,3.375000,-0.006348,0.930382,0.030790,0.365240,-215.600922,92.208771,84.233192
406,3.383333,-0.006293,0.930413,0.030920,0.365153,-215.601059,92.206856,84.236397
407,3.391667,-0.006232,0.930404,0.030934,0.365176,-215.600372,92.206490,84.237000
408,3.400000,-0.006050,0.930399,0.030935,0.365190,-215.597885,92.205292,84.240768
409,3.408333,-0.006080,0.930396,0.030936,0.365198,-215.597031,92.205856,84.244171
410,3.416667,-0.006100,0.930394,0.031233,0.365176,-215.596313,92.206375,84.248970
411,3.425000,-0.005788,0.930406,0.031428,0.365135,-215.594070,92.203972,84.256195
412,3.433333,-0.005619,0.930493,0.031679,0.364895,-215.589569,92.205032,84.263138
413,3.441667,-0.005367,0.930504,0.031755,0.364862,-215.583618,92.205666,84.272598
414,3.450000,-0.005026,0.930552,0.031709,0.364750,-215.578339,92.209236,84.283279
415,3.458333,-0.004622,0.930473,0.031855,0.364943,-215.572998,92.209229,84.300682
416,3.466667,-0.005026,0.930559,0.032317,0.364677,-215.567398,92.207878,84.319588
417,3.475000,-0.005644,0.930484,0.032622,0.364835,-215.565201,92.214668,84.337059
418,3.483333,-0.003949,0.930666,0.032074,0.364441,-215.560944,92.228294,84.366226
419,3.491667,-0.003398,0.930633,0.032619,0.364480,-215.551208,92.227501,84.391777
420,3.500000,-0.001672,0.930645,0.033961,0.364341,-215.531754,92.213814,84.425171
421,3.508333,-0.001071,0.930674,0.034416,0.364225,-215.522308,92.215927,84.453735
422,3.516667,-0.000725,0.930649,0.034909,0.364244,-215.510040,92.215981,84.482506
423,3.525000,-0.000355,0.930666,0.035189,0.364174,-215.493591,92.216194,84.512718
424,3.533333,0.000283,0.930655,0.035435,0.364178,-215.478439,92.214828,84.538742
425,3.541667,0.000440,0.930677,0.035485,0.364117,-215.468124,92.216560,84.558594
426,3.550000,0.000811,0.930723,0.035655,0.363983,-215.457870,92.218422,84.577713
427,3.558333,0.001248,0.930761,0.035737,0.363875,-215.446472,92.218742,84.593849
428,3.566667,0.001612,0.930796,0.035965,0.363762,-215.437561,92.218872,84.609764
429,3.575000,0.002159,0.930857,0.036214,0.363578,-215.428711,92.220581,84.624306
430,3.583333,0.002659,0.930875,0.036508,0.363500,-215.421585,92.222542,84.637741
431,3.591667,0.001872,0.930683,0.036801,0.363965,-215.424759,92.233261,84.656387
432,3.600000,0.002022,0.930595,0.037142,0.364157,-215.424683,92.232597,84.664032
433,3.608333,0.002070,0.930599,0.037162,0.364144,-215.422745,92.230438,84.667107
434,3.616667,0.002870,0.930786,0.037154,0.363659,-215.413284,92.222473,84.660278
435,3.625000,0.002010,0.930608,0.037310,0.364104,-215.418381,92.228012,84.673134
436,3.633333,0.001833,0.930540,0.037440,0.364266,-215.420074,92.229164,84.677948
437,3.641667,0.003863,0.930711,0.037897,0.363766,-215.407822,92.211166,84.679146
438,3.650000,0.002507,0.930509,0.038312,0.364252,-215.416306,92.224648,84.696045
439,3.658333,0.003873,0.930761,0.038723,0.363550,-215.403839,92.211945,84.702774
440,3.666667,0.005098,0.930911,0.038729,0.363151,-215.398666,92.210045,84.709999
441,3.675000,0.005796,0.930981,0.038716,0.362963,-215.394836,92.211929,84.718369
442,3.683333,0.005760,0.930998,0.038641,0.362928,-215.397003,92.214050,84.724915
443,3.691667,0.003370,0.930762,0.038750,0.363551,-215.408951,92.234840,84.740501
444,3.700000,0.004306,0.930825,0.038813,0.363373,-215.408737,92.226250,84.732834
445,3.708333,0.002416,0.930697,0.038603,0.363740,-215.421539,92.242554,84.731636
446,3.716667,0.002032,0.930725,0.038318,0.363700,-215.427368,92.242470,84.715897
447,3.725000,0.002759,0.930959,0.037647,0.363168,-215.428040,92.232506,84.680702
448,3.733333,0.002435,0.931117,0.037119,0.362819,-215.434891,92.227676,84.648430
449,3.741667,0.002081,0.931146,0.036226,0.362837,-215.444229,92.226707,84.617905
450,3.750000,0.001197,0.931173,0.035588,0.362833,-215.454132,92.224747,84.585457
451,3.758333,0.001006,0.931035,0.034978,0.363248,-215.470093,92.224434,84.561722
452,3.766667,0.000553,0.930876,0.035178,0.363638,-215.488953,92.228142,84.561073
453,3.775000,0.000268,0.930774,0.036397,0.363778,-215.500778,92.244148,84.579124
454,3.783333,0.000426,0.930763,0.037084,0.363737,-215.499619,92.279327,84.597641
455,3.791667,0.001400,0.930791,0.037366,0.363635,-215.490219,92.323875,84.614342
456,3.800000,0.002564,0.930803,0.039135,0.363413,-215.486649,92.383545,84.617661
457,3.808333,0.002058,0.930729,0.038684,0.363653,-215.492004,92.444633,84.611687
458,3.816667,0.001772,0.930708,0.038684,0.363708,-215.496948,92.492523,84.621246
459,3.825000,0.004202,0.930541,0.037274,0.364262,-215.501740,92.557472,84.634354
460,3.833333,0.004043,0.930619,0.037073,0.364085,-215.494720,92.617264,84.655006
461,3.841667,0.003398,0.930646,0.037119,0.364018,-215.484116,92.674217,84.667496
462,3.850000,0.000606,0.930414,0.036439,0.364694,-215.489456,92.747078,84.691475
463,3.858333,-0.000341,0.930361,0.036055,0.364867,-215.488785,92.796616,84.708092
464,3.866667,0.000680,0.930551,0.035862,0.364401,-215.477448,92.828911,84.713760
465,3.875000,0.001126,0.930550,0.036237,0.364366,-215.474564,92.865410,84.720345
466,3.883333,0.001559,0.930475,0.037027,0.364477,-215.474228,92.907753,84.725189
467,3.891667,0.000301,0.930470,0.036651,0.364531,-215.476410,92.976013,84.724228
468,3.900000,-0.000588,0.930508,0.036550,0.364444,-215.471466,93.047424,84.726540
469,3.908333,0.002021,0.930566,0.034582,0.364481,-215.465805,93.134674,84.729263
470,3.916667,0.002964,0.930534,0.033249,0.364681,-215.465500,93.211143,84.730080
471,3.925000,0.002935,0.930639,0.032885,0.364446,-215.465546,93.267647,84.733131
472,3.933333,0.001780,0.930887,0.033389,0.363774,-215.464828,93.310135,84.741951
473,3.941667,-0.000294,0.930968,0.033688,0.363544,-215.462250,93.365898,84.742889
474,3.950000,-0.001431,0.931016,0.033512,0.363434,-215.453552,93.419106,84.748795
475,3.958333,-0.001964,0.930978,0.033641,0.363516,-215.449692,93.467102,84.753624
476,3.966667,-0.000663,0.931099,0.032677,0.363299,-215.449005,93.520386,84.762741
477,3.975000,-0.001452,0.930917,0.031580,0.363861,-215.459991,93.581215,84.762985
478,3.983333,-0.000969,0.930894,0.031435,0.363933,-215.461304,93.630157,84.762962
479,3.991667,-0.000451,0.930851,0.031683,0.364023,-215.462234,93.676102,84.766350
480,4.000000,0.002403,0.930761,0.030881,0.364315,-215.463074,93.737572,84.770164
481,4.008333,0.002630,0.930836,0.030800,0.364127,-215.465164,93.789032,84.771690
482,4.016667,0.002412,0.930914,0.030476,0.363958,-215.464325,93.834587,84.776947
483,4.025000,-0.000209,0.930863,0.030236,0.364116,-215.465973,93.900192,84.784363
484,4.033333,-0.000876,0.931054,0.030325,0.363618,-215.454437,93.951157,84.785698
485,4.041667,-0.001346,0.931092,0.030070,0.363541,-215.445465,94.004433,84.784111
486,4.050000,-0.001036,0.931071,0.029306,0.363657,-215.440338,94.058144,84.780312
487,4.058333,-0.001810,0.931021,0.028150,0.363875,-215.441544,94.120773,84.770851
488,4.066667,-0.001731,0.931014,0.027548,0.363939,-215.436737,94.172165,84.758743
489,4.075000,-0.001590,0.931070,0.027056,0.363833,-215.436859,94.224083,84.744820
490,4.083333,0.000512,0.931175,0.025345,0.363691,-215.437180,94.293663,84.739555
491,4.091667,0.000075,0.931294,0.026390,0.363311,-215.439560,94.359161,84.732430
492,4.100000,-0.002478,0.931308,0.025885,0.363302,-215.444321,94.431145,84.728447
493,4.108333,-0.002596,0.931381,0.025483,0.363145,-215.438797,94.478050,84.717873
494,4.116667,-0.002622,0.931365,0.025233,0.363202,-215.441254,94.522743,84.715050
495,4.125000,-0.003451,0.931300,0.024218,0.363431,-215.448578,94.577492,84.707443
496,4.133333,-0.003405,0.931202,0.023865,0.363706,-215.450241,94.616562,84.703476
497,4.141667,-0.003533,0.931243,0.023772,0.363605,-215.447021,94.654205,84.703110
498,4.150000,-0.003733,0.931302,0.023484,0.363472,-215.441223,94.695702,84.701675
499,4.158333,-0.003807,0.931292,0.023178,0.363514,-215.435028,94.736137,84.700943
500,4.166667,-0.004244,0.931287,0.022580,0.363560,-215.430023,94.774666,84.698891
501,4.175000,-0.004737,0.931232,0.021540,0.363758,-215.429398,94.811363,84.689369
502,4.183333,-0.003018,0.931257,0.019205,0.363844,-215.432953,94.864426,84.675011
503,4.191667,-0.004774,0.931038,0.018633,0.364416,-215.437912,94.918449,84.674370
504,4.200000,-0.004305,0.931184,0.018332,0.364064,-215.428711,94.950500,84.663864
505,4.208333,-0.004324,0.931300,0.018370,0.363764,-215.428787,94.980103,84.652931
506,4.216667,-0.004306,0.931410,0.019316,0.363434,-215.430801,95.018456,84.649345
507,4.225000,-0.004354,0.931375,0.019248,0.363526,-215.427216,95.048943,84.643852
508,4.233333,-0.005449,0.931365,0.018119,0.363595,-215.430038,95.085747,84.634155
509,4.241667,-0.005763,0.931399,0.018018,0.363508,-215.429184,95.114700,84.630951
510,4.250000,-0.005867,0.931448,0.018240,0.363369,-215.423157,95.142433,84.629417
511,4.258333,-0.005753,0.931554,0.017890,0.363118,-215.413742,95.168968,84.627159
512,4.266667,-0.005949,0.931604,0.017881,0.362985,-215.409256,95.197334,84.627846
513,4.275000,-0.005840,0.931626,0.018016,0.362924,-215.405853,95.222893,84.629799
514,4.283333,-0.005844,0.931624,0.017968,0.362933,-215.404037,95.244919,84.631493
515,4.291667,-0.006046,0.931634,0.018060,0.362899,-215.403168,95.261894,84.633270
516,4.300000,-0.006029,0.931586,0.018173,0.363016,-215.402298,95.278343,84.636040
517,4.308333,-0.006134,0.931550,0.018337,0.363098,-215.400620,95.297668,84.639984
518,4.316667,-0.006173,0.931555,0.018271,0.363088,-215.399216,95.321167,84.643860
519,4.325000,-0.006441,0.931608,0.018076,0.362957,-215.398193,95.347168,84.644440
520,4.333333,-0.003956,0.931595,0.016079,0.363121,-215.397995,95.390823,84.642746
521,4.341667,-0.003729,0.931615,0.015492,0.363097,-215.394257,95.423439,84.642212
522,4.350000,-0.003825,0.931636,0.015267,0.363053,-215.387177,95.452431,84.638237
523,4.358333,-0.005192,0.931487,0.015095,0.363423,-215.389587,95.488998,84.647133
524,4.366667,-0.005274,0.931647,0.015223,0.363007,-215.377945,95.502762,84.637497
525,4.375000,-0.005481,0.931755,0.015326,0.362722,-215.369751,95.518250,84.633743
526,4.383333,-0.005852,0.931790,0.015537,0.362617,-215.362137,95.534500,84.634300
527,4.391667,-0.006270,0.931817,0.015664,0.362536,-215.354187,95.550987,84.633255
528,4.400000,-0.006107,0.931882,0.015681,0.362372,-215.353745,95.568932,84.628685
529,4.408333,-0.006589,0.931853,0.015076,0.362462,-215.363266,95.592644,84.615234
530,4.416667,-0.006553,0.931817,0.015069,0.362557,-215.369919,95.613647,84.603844
531,4.425000,-0.006291,0.931783,0.015303,0.362637,-215.371490,95.632408,84.597252
532,4.433333,-0.005975,0.931771,0.016026,0.362644,-215.373230,95.655556,84.596207
533,4.441667,-0.005977,0.931770,0.016092,0.362642,-215.373566,95.679375,84.594696
534,4.450000,-0.006084,0.931816,0.015972,0.362529,-215.366943,95.699020,84.595886
535,4.458333,-0.006355,0.931924,0.015650,0.362261,-215.359192,95.717072,84.601959
536,4.466667,-0.006616,0.931957,0.015360,0.362184,-215.351837,95.735619,84.607262
537,4.475000,-0.006422,0.932007,0.014967,0.362075,-215.346146,95.753723,84.610748
538,4.483333,-0.006455,0.932042,0.014577,0.361999,-215.343735,95.771927,84.613029
539,4.491667,-0.006446,0.932065,0.014369,0.361948,-215.341324,95.788712,84.613647
540,4.500000,-0.006509,0.932069,0.014259,0.361942,-215.339081,95.807556,84.613609
541,4.508333,-0.006859,0.932065,0.014118,0.361951,-215.338181,95.825615,84.612923
542,4.516667,-0.006970,0.932054,0.014066,0.361979,-215.338089,95.841110,84.610168
543,4.525000,-0.007088,0.932039,0.014260,0.362007,-215.336777,95.850021,84.612175
544,4.533333,-0.007011,0.932072,0.014418,0.361919,-215.331223,95.864449,84.612152
545,4.541667,-0.008694,0.932164,0.014307,0.361649,-215.297989,95.908493,84.619247
546,4.550000,-0.009134,0.932206,0.013977,0.361542,-215.279251,95.953606,84.613426
547,4.558333,-0.008551,0.932163,0.012195,0.361733,-215.275818,96.030846,84.599915
548,4.566667,-0.007585,0.932243,0.011663,0.361566,-215.259262,96.086067,84.579842
549,4.575000,-0.008450,0.932290,0.010477,0.361460,-215.252594,96.154732,84.549553
550,4.583333,-0.008620,0.932386,0.009569,0.361235,-215.245392,96.211906,84.532623
551,4.591667,-0.009244,0.932546,0.008836,0.360826,-215.232605,96.268372,84.517006
552,4.600000,-0.009702,0.932741,0.008996,0.360304,-215.216415,96.320114,84.515915
553,4.608333,-0.010144,0.932935,0.008457,0.359802,-215.193527,96.361694,84.513649
554,4.616667,-0.010578,0.932992,0.007693,0.359659,-215.179825,96.400124,84.509102
555,4.625000,-0.010622,0.932949,0.007240,0.359779,-215.171524,96.432037,84.505806
556,4.633333,-0.011013,0.932892,0.006774,0.359923,-215.171997,96.468208,84.500107
557,4.641667,-0.012209,0.932751,0.006011,0.360264,-215.180679,96.510399,84.497711
558,4.650000,-0.010459,0.932608,0.004141,0.360714,-215.189835,96.553574,84.491112
559,4.658333,-0.011349,0.932697,0.003475,0.360466,-215.177704,96.592896,84.482803
560,4.666667,-0.012220,0.932918,0.002512,0.359872,-215.180618,96.616600,84.468201
561,4.675000,-0.012904,0.932952,0.002044,0.359763,-215.187714,96.636673,84.456100
562,4.683333,-0.013403,0.933008,0.003196,0.359593,-215.194992,96.662376,84.443436
563,4.691667,-0.014127,0.932937,0.001848,0.359758,-215.200592,96.664963,84.439507
564,4.700000,-0.014684,0.932898,0.001422,0.359840,-215.205566,96.668320,84.436050
565,4.708333,-0.013669,0.932755,0.001507,0.360249,-215.212936,96.661583,84.440208
566,4.716667,-0.013032,0.932716,0.001741,0.360372,-215.215897,96.651093,84.441032
567,4.725000,-0.013700,0.932801,0.002059,0.360126,-215.206192,96.654518,84.441978
568,4.733333,-0.013891,0.932812,0.002137,0.360089,-215.203506,96.652046,84.445000
569,4.741667,-0.013763,0.932866,0.002243,0.359955,-215.201096,96.649605,84.445976
570,4.750000,-0.013511,0.932877,0.002135,0.359935,-215.198257,96.650490,84.446289
571,4.758333,-0.012638,0.932809,0.002167,0.360143,-215.200302,96.645134,84.449997
572,4.766667,-0.012161,0.932809,0.002165,0.360160,-215.201904,96.644333,84.451004
573,4.775000,-0.012169,0.932800,0.002101,0.360183,-215.201614,96.644417,84.450470
574,4.783333,-0.012235,0.932774,0.001972,0.360249,-215.199753,96.642891,84.453087
575,4.791667,-0.013098,0.932863,0.002014,0.359987,-215.191010,96.648636,84.454994
576,4.800000,-0.013441,0.932889,0.002168,0.359906,-215.187531,96.650482,84.453522
577,4.808333,-0.013148,0.932894,0.002107,0.359904,-215.189545,96.651184,84.455605
578,4.816667,-0.013180,0.932882,0.002049,0.359934,-215.189499,96.653137,84.454445
579,4.825000,-0.013052,0.932936,0.003762,0.359786,-215.193268,96.667519,84.448471
580,4.833333,-0.013420,0.932858,0.002768,0.359983,-215.195511,96.661530,84.449165
581,4.841667,-0.013610,0.932847,0.001952,0.360011,-215.199158,96.656464,84.447510
582,4.850000,-0.013810,0.932847,0.001922,0.360003,-215.202469,96.652481,84.445587
583,4.858333,-0.013997,0.932858,0.002116,0.359966,-215.204193,96.651085,84.443428
584,4.866667,-0.013837,0.932845,0.002086,0.360006,-215.204865,96.652344,84.443329
585,4.875000,-0.012994,0.932778,0.002163,0.360211,-215.208939,96.645554,84.447083
586,4.883333,-0.013397,0.932828,0.002143,0.360066,-215.202682,96.652107,84.444084
587,4.891667,-0.013773,0.932842,0.002156,0.360015,-215.198975,96.656158,84.445137
588,4.900000,-0.013683,0.932850,0.002069,0.360000,-215.197113,96.656487,84.446129
589,4.908333,-0.013612,0.932853,0.002089,0.359995,-215.195328,96.654305,84.447899
590,4.916667,-0.013373,0.932888,0.001998,0.359913,-215.193359,96.653290,84.449448
591,4.925000,-0.013360,0.932901,0.002020,0.359880,-215.191559,96.651855,84.451065
592,4.933333,-0.013382,0.932904,0.002116,0.359870,-215.188736,96.654335,84.451370
593,4.941667,-0.012629,0.932803,0.002234,0.360160,-215.192825,96.647728,84.454109
594,4.950000,-0.012828,0.932957,0.003818,0.359739,-215.188248,96.663322,84.447548
595,4.958333,-0.013285,0.932927,0.002686,0.359809,-215.187164,96.660027,84.450455
596,4.966667,-0.013488,0.932929,0.001904,0.359803,-215.190506,96.654800,84.451385
597,4.975000,-0.013578,0.932905,0.001934,0.359861,-215.193359,96.654358,84.449814
598,4.983333,-0.013637,0.932890,0.001927,0.359898,-215.195175,96.655006,84.447601
599,4.991667,-0.013699,0.932875,0.002048,0.359935,-215.197708,96.656593,84.446938
600,5.000000,-0.012709,0.932827,0.003547,0.360082,-215.206100,96.657196,84.443855
601,5.008333,-0.013153,0.932875,0.003873,0.359938,-215.201874,96.664062,84.438904
602,5.016667,-0.013791,0.932832,0.002621,0.360038,-215.201538,96.656792,84.441505
603,5.025000,-0.013838,0.932836,0.001988,0.360030,-215.203125,96.654816,84.441353
604,5.033333,-0.013758,0.932899,0.003398,0.359860,-215.203400,96.662956,84.436920
605,5.041667,-0.013734,0.932893,0.003804,0.359872,-215.202209,96.665344,84.435905
606,5.050000,-0.014010,0.932875,0.002628,0.359919,-215.199570,96.659004,84.438667
607,5.058333,-0.013601,0.932931,0.003694,0.359778,-215.197571,96.665939,84.437149
608,5.066667,-0.012331,0.932876,0.004051,0.359964,-215.197922,96.653214,84.447067
609,5.075000,-0.012451,0.932988,0.002869,0.359680,-215.181976,96.642876,84.455154
610,5.083333,-0.011271,0.933009,0.004409,0.359651,-215.183929,96.644051,84.457748
611,5.091667,-0.011512,0.933202,0.004442,0.359139,-215.164688,96.651222,84.468475
612,5.100000,-0.011550,0.933050,0.002906,0.359550,-215.175888,96.642395,84.468307
613,5.108333,-0.010504,0.933078,0.004414,0.359493,-215.178543,96.642204,84.469360
614,5.116667,-0.011474,0.933121,0.003155,0.359366,-215.168900,96.645180,84.472206
615,5.125000,-0.012097,0.933083,0.002531,0.359450,-215.166092,96.644356,84.474243
616,5.133333,-0.011920,0.933087,0.002440,0.359444,-215.167068,96.644463,84.474770
617,5.141667,-0.011803,0.933080,0.002473,0.359467,-215.167099,96.643448,84.475334
618,5.150000,-0.011061,0.932999,0.002547,0.359700,-215.176941,96.636360,84.473442
619,5.158333,-0.010449,0.933020,0.004208,0.359647,-215.185287,96.639748,84.465881
620,5.166667,-0.011602,0.933098,0.003268,0.359420,-215.176254,96.643776,84.466087
621,5.175000,-0.012231,0.933085,0.002848,0.359438,-215.172653,96.645508,84.468575
622,5.183333,-0.011988,0.933122,0.004345,0.359335,-215.170792,96.652962,84.468163
623,5.191667,-0.012086,0.933073,0.003167,0.359469,-215.167542,96.646927,84.471069
624,5.200000,-0.011573,0.933110,0.004198,0.359380,-215.165802,96.653648,84.470886
625,5.208333,-0.010982,0.933012,0.002805,0.359667,-215.173035,96.637657,84.472939
626,5.216667,-0.011385,0.933160,0.004208,0.359256,-215.167282,96.654091,84.467224
627,5.225000,-0.011170,0.933050,0.003155,0.359560,-215.170746,96.642464,84.470604
628,5.233333,-0.010495,0.933075,0.004141,0.359506,-215.176147,96.642403,84.467758
629,5.241667,-0.010500,0.933033,0.003094,0.359624,-215.177292,96.634651,84.470276
630,5.250000,-0.010510,0.932991,0.002447,0.359739,-215.178253,96.631783,84.471863
631,5.258333,-0.010717,0.933018,0.002256,0.359662,-215.178650,96.633492,84.471184
632,5.266667,-0.010806,0.933015,0.002320,0.359669,-215.180344,96.637329,84.472115
633,5.275000,-0.010682,0.933021,0.002269,0.359655,-215.181641,96.645042,84.473381
634,5.283333,-0.010934,0.932996,0.002126,0.359713,-215.184967,96.655556,84.473976
635,5.291667,-0.011048,0.932992,0.002003,0.359721,-215.188736,96.663727,84.476677
636,5.300000,-0.011102,0.932978,0.001861,0.359758,-215.194397,96.671745,84.480637
637,5.308333,-0.011180,0.932953,0.001865,0.359821,-215.200287,96.675285,84.489044
638,5.316667,-0.012017,0.932987,0.001638,0.359706,-215.191299,96.685715,84.509651
639,5.325000,-0.011650,0.932920,0.001688,0.359892,-215.200165,96.679291,84.529312
640,5.333333,-0.011210,0.932880,0.001765,0.360008,-215.214706,96.665947,84.546814
641,5.341667,-0.010259,0.932775,0.001938,0.360307,-215.243835,96.642120,84.567329
642,5.350000,-0.009631,0.932622,0.001990,0.360720,-215.267258,96.617332,84.592644
643,5.358333,-0.009453,0.932013,0.001913,0.362298,-215.301544,96.596046,84.645332
644,5.366667,-0.009678,0.931716,0.002497,0.363049,-215.323334,96.577332,84.691963
645,5.375000,-0.007905,0.931804,0.003324,0.362861,-215.369385,96.547112,84.740105
646,5.383333,-0.007293,0.931590,0.004207,0.363413,-215.422440,96.520882,84.766571
647,5.391667,-0.007058,0.931368,0.004591,0.363981,-215.473389,96.502861,84.795532
648,5.400000,-0.009428,0.931252,0.005734,0.364208,-215.518326,96.471909,84.825058
649,5.408333,-0.011488,0.931164,0.005453,0.364378,-215.545868,96.464867,84.871170
650,5.416667,-0.010110,0.930877,0.006078,0.365142,-215.612076,96.430710,84.908783
651,5.425000,-0.009122,0.930532,0.006467,0.366040,-215.681763,96.394630,84.936142
652,5.433333,-0.010509,0.930173,0.005895,0.366924,-215.731781,96.381348,84.986649
653,5.441667,-0.010428,0.929558,0.005388,0.368490,-215.818970,96.353676,85.033691
654,5.450000,-0.010432,0.929006,0.005174,0.369882,-215.898010,96.325111,85.070763
655,5.458333,-0.010634,0.928637,0.005296,0.370800,-215.980057,96.300667,85.105690
656,5.466667,-0.011581,0.928785,0.007559,0.370360,-216.042877,96.309296,85.158211
657,5.475000,-0.011183,0.928309,0.008006,0.371555,-216.126465,96.283684,85.205299
658,5.483333,-0.011374,0.927740,0.005750,0.373010,-216.208725,96.251472,85.258675
659,5.491667,-0.013032,0.927332,0.003906,0.373993,-216.263702,96.241730,85.302773
660,5.500000,-0.012393,0.926669,0.003471,0.375659,-216.346649,96.218132,85.354721
661,5.508333,-0.011312,0.926238,0.003445,0.376755,-216.437820,96.187561,85.390724
662,5.516667,-0.012001,0.926309,0.005021,0.376541,-216.505524,96.200111,85.432480
663,5.525000,-0.013008,0.925950,0.004216,0.377398,-216.579147,96.193680,85.482391
664,5.533333,-0.012128,0.925367,0.002351,0.378872,-216.682983,96.182243,85.548676
665,5.541667,-0.012177,0.924775,0.000994,0.380317,-216.776993,96.172562,85.602829
666,5.550000,-0.013626,0.924336,0.000443,0.381337,-216.850235,96.180023,85.658401
667,5.558333,-0.014012,0.923787,0.000682,0.382649,-216.930481,96.186668,85.707626
668,5.566667,-0.013719,0.923491,0.000112,0.383373,-217.022186,96.195297,85.744743
669,5.575000,-0.011211,0.922597,-0.002320,0.385595,-217.126434,96.227364,85.788063
670,5.583333,-0.010373,0.922228,-0.004336,0.386483,-217.235947,96.249481,85.839867
671,5.591667,-0.010627,0.921833,-0.004727,0.387413,-217.339447,96.257660,85.886467
672,5.600000,-0.013794,0.921427,-0.005883,0.388261,-217.426804,96.290520,85.914871
673,5.608333,-0.015144,0.920758,-0.006623,0.389783,-217.536682,96.305435,85.954681
674,5.616667,-0.016040,0.920234,-0.007868,0.390960,-217.634338,96.324417,85.995445
675,5.625000,-0.016122,0.919544,-0.008172,0.392572,-217.725891,96.343948,86.058945
676,5.633333,-0.017067,0.918872,-0.009120,0.394080,-217.826080,96.358368,86.108200
677,5.641667,-0.018354,0.918806,-0.010597,0.394140,-217.933304,96.379425,86.150131
678,5.650000,-0.018736,0.918008,-0.010895,0.395969,-218.038971,96.384491,86.188576
679,5.658333,-0.018659,0.917508,-0.011191,0.397122,-218.128754,96.387894,86.227036
680,5.666667,-0.018936,0.916931,-0.011541,0.398430,-218.235321,96.383842,86.264297
681,5.675000,-0.019206,0.916331,-0.011509,0.399795,-218.346786,96.377853,86.298523
682,5.683333,-0.019620,0.915721,-0.011448,0.401172,-218.457932,96.372330,86.328659
683,5.691667,-0.019825,0.915010,-0.011864,0.402770,-218.578094,96.359512,86.361038
684,5.700000,-0.020299,0.914805,-0.013043,0.403176,-218.696426,96.339691,86.403206
685,5.708333,-0.020088,0.914024,-0.012831,0.404960,-218.798141,96.308388,86.453094
686,5.716667,-0.020089,0.913335,-0.012886,0.406509,-218.905807,96.283539,86.483833
687,5.725000,-0.019630,0.912853,-0.013762,0.407584,-219.024750,96.260384,86.509003
688,5.733333,-0.019513,0.912040,-0.013461,0.409416,-219.138092,96.238136,86.532166
689,5.741667,-0.019967,0.911386,-0.013828,0.410836,-219.243240,96.215591,86.570801
690,5.750000,-0.020032,0.910825,-0.014408,0.412054,-219.355179,96.191292,86.614075
691,5.758333,-0.016215,0.909764,-0.015801,0.414508,-219.472458,96.171936,86.641777
692,5.766667,-0.015057,0.909447,-0.016762,0.415209,-219.574997,96.149185,86.675453
693,5.775000,-0.015245,0.908884,-0.016576,0.416440,-219.693237,96.108940,86.705132
694,5.783333,-0.017797,0.908489,-0.015179,0.417253,-219.805145,96.065483,86.751045
695,5.791667,-0.018844,0.908141,-0.014742,0.417979,-219.914246,96.041130,86.785904
696,5.800000,-0.019381,0.907517,-0.015100,0.419296,-220.025848,96.023613,86.811356
697,5.808333,-0.016386,0.906585,-0.015929,0.421403,-220.150375,96.015160,86.834351
698,5.816667,-0.015125,0.905649,-0.015983,0.423457,-220.280716,95.985748,86.852776
699,5.825000,-0.014912,0.904815,-0.016096,0.425240,-220.409103,95.953362,86.884232
700,5.833333,-0.014639,0.904177,-0.015883,0.426611,-220.524307,95.925240,86.910538
701,5.841667,-0.015364,0.903843,-0.016414,0.427272,-220.656464,95.903053,86.938324
702,5.850000,-0.017370,0.903236,-0.016919,0.428460,-220.790573,95.874763,86.965477
703,5.858333,-0.017534,0.902626,-0.015734,0.429781,-220.930603,95.851326,86.996063
704,5.866667,-0.018231,0.902046,-0.015714,0.430969,-221.060226,95.822708,87.023483
705,5.875000,-0.018645,0.901288,-0.015663,0.432536,-221.174927,95.798958,87.045135
706,5.883333,-0.017957,0.900310,-0.015855,0.434590,-221.311981,95.767097,87.056152
707,5.891667,-0.017511,0.899572,-0.016026,0.436127,-221.439072,95.738167,87.075989
708,5.900000,-0.015652,0.898632,-0.016055,0.438130,-221.562363,95.698967,87.113953
709,5.908333,-0.014698,0.898181,-0.016543,0.439069,-221.695999,95.669029,87.143700
710,5.916667,-0.014849,0.897720,-0.015292,0.440051,-221.837433,95.636566,87.173309
711,5.925000,-0.015482,0.896827,-0.015028,0.441855,-221.969604,95.601845,87.195671
712,5.933333,-0.016127,0.895927,-0.015452,0.443639,-222.108383,95.566223,87.209007
713,5.941667,-0.016294,0.894663,-0.014944,0.446193,-222.256821,95.526672,87.222641
714,5.950000,-0.016843,0.893926,-0.014924,0.447649,-222.390244,95.496765,87.231140
715,5.958333,-0.016948,0.893089,-0.014946,0.449313,-222.529221,95.465225,87.240028
716,5.966667,-0.017308,0.892587,-0.016009,0.450258,-222.648407,95.436691,87.269768
717,5.975000,-0.017070,0.892928,-0.015405,0.449613,-222.748184,95.427269,87.321259
718,5.983333,-0.015680,0.891959,-0.016896,0.451529,-222.878342,95.400719,87.346481
719,5.991667,-0.016261,0.891138,-0.017727,0.453094,-223.011200,95.365791,87.361519
720,6.000000,-0.016286,0.890580,-0.017834,0.454186,-223.147293,95.325417,87.369766
721,6.008333,-0.016092,0.889206,-0.017135,0.456902,-223.313736,95.288864,87.354576
722,6.016667,-0.016117,0.888449,-0.015289,0.458437,-223.460052,95.259102,87.344345
723,6.025000,-0.015909,0.887090,-0.015569,0.461060,-223.611877,95.218536,87.350464
724,6.033333,-0.016955,0.885832,-0.014116,0.463480,-223.759369,95.203049,87.367882
725,6.041667,-0.018745,0.886515,-0.015723,0.462053,-223.817398,95.202377,87.398598
726,6.050000,-0.017550,0.885824,-0.017350,0.463364,-223.943115,95.160233,87.390068
727,6.058333,-0.016865,0.885313,-0.018098,0.464338,-224.056061,95.128960,87.405357
728,6.066667,-0.016059,0.884419,-0.017800,0.466077,-224.190781,95.086082,87.412430
729,6.075000,-0.015387,0.883683,-0.017795,0.467495,-224.321167,95.051727,87.432869
730,6.083333,-0.016602,0.882507,-0.017495,0.469680,-224.479080,95.015282,87.435684
731,6.091667,-0.016790,0.881640,-0.016703,0.471328,-224.625870,94.971451,87.434135
732,6.100000,-0.017885,0.881421,-0.015892,0.471725,-224.733612,94.942802,87.450600
733,6.108333,-0.017636,0.880588,-0.015346,0.473306,-224.874023,94.901367,87.450775
734,6.116667,-0.017548,0.879820,-0.015763,0.474721,-224.996277,94.867943,87.455627
735,6.125000,-0.014229,0.878856,-0.017390,0.476558,-225.133545,94.852707,87.450356
736,6.133333,-0.013215,0.878128,-0.018511,0.477885,-225.275299,94.827888,87.451492
737,6.141667,-0.013120,0.876927,-0.018992,0.480070,-225.406021,94.806580,87.453812
738,6.150000,-0.013002,0.875936,-0.018699,0.481889,-225.543503,94.773705,87.452477
739,6.158333,-0.013147,0.875357,-0.018077,0.482960,-225.678497,94.740868,87.454857
740,6.166667,-0.012824,0.874648,-0.014733,0.484364,-225.824768,94.717972,87.447304
741,6.175000,-0.012875,0.873999,-0.015907,0.485496,-225.949127,94.681549,87.443703
742,6.183333,-0.011760,0.872996,-0.016677,0.487300,-226.103622,94.633064,87.433098
743,6.191667,-0.012912,0.872571,-0.016580,0.488036,-226.220917,94.599724,87.434029
744,6.200000,-0.013396,0.871481,-0.016134,0.489980,-226.366638,94.561508,87.421532
745,6.208333,-0.013538,0.870889,-0.016469,0.491017,-226.503281,94.527740,87.406403
746,6.216667,-0.013826,0.870244,-0.016656,0.492145,-226.598602,94.506523,87.402687
747,6.225000,-0.013424,0.869381,-0.015152,0.493728,-226.718353,94.487671,87.377968
748,6.233333,-0.013681,0.868911,-0.014748,0.494560,-226.822830,94.464035,87.365410
749,6.241667,-0.013420,0.868130,-0.014725,0.495936,-226.939819,94.440208,87.351997
750,6.250000,-0.013458,0.867184,-0.014178,0.497604,-227.058701,94.409775,87.329742
751,6.258333,-0.014006,0.866692,-0.015205,0.498415,-227.139038,94.379395,87.327644
752,6.266667,-0.013502,0.865841,-0.013089,0.499965,-227.257156,94.351189,87.303040
753,6.275000,-0.012527,0.865256,-0.012244,0.501023,-227.368042,94.312546,87.274017
754,6.283333,-0.014017,0.865141,-0.012118,0.501186,-227.429871,94.296974,87.269325
755,6.291667,-0.012834,0.864183,-0.011176,0.502891,-227.545624,94.248734,87.235931
756,6.300000,-0.012247,0.863413,-0.011000,0.504229,-227.648254,94.202408,87.214806
757,6.308333,-0.013388,0.863016,-0.010549,0.504888,-227.708145,94.172546,87.210861
758,6.316667,-0.012686,0.862339,-0.009888,0.506076,-227.807663,94.128021,87.191078
759,6.325000,-0.013077,0.862072,-0.009726,0.506523,-227.887421,94.090439,87.177391
760,6.333333,-0.012485,0.861518,-0.009465,0.507486,-227.991226,94.045227,87.150154
761,6.341667,-0.011954,0.860562,-0.009548,0.509117,-228.087860,93.997337,87.122818
762,6.350000,-0.011203,0.860136,-0.007860,0.509881,-228.176804,93.968452,87.097923
763,6.358333,-0.012133,0.859765,-0.007366,0.510492,-228.240723,93.948334,87.083611
764,6.366667,-0.011989,0.859362,-0.007304,0.511175,-228.335159,93.913742,87.056107
765,6.375000,-0.011161,0.858716,-0.007357,0.512277,-228.435013,93.882248,87.029961
766,6.383333,-0.012676,0.858300,-0.007391,0.512939,-228.484512,93.871094,87.033913
767,6.391667,-0.011707,0.857279,-0.006767,0.514675,-228.583984,93.839973,87.006340
768,6.400000,-0.011144,0.856785,-0.006768,0.515509,-228.671844,93.812202,86.986702
769,6.408333,-0.010535,0.856230,-0.006231,0.516450,-228.762817,93.780083,86.960800
770,6.416667,-0.009974,0.855711,-0.006306,0.517319,-228.852890,93.762695,86.942719
771,6.425000,-0.010714,0.855148,-0.005982,0.518240,-228.932617,93.749985,86.926971
772,6.433333,-0.008462,0.854477,-0.007999,0.519359,-229.009918,93.749153,86.929672
773,6.441667,-0.008080,0.853640,-0.006588,0.520759,-229.097229,93.742004,86.920341
774,6.450000,-0.008194,0.853066,-0.006834,0.521694,-229.174454,93.731430,86.910240
775,6.458333,-0.008832,0.851794,-0.007254,0.523752,-229.294235,93.726257,86.884987
776,6.466667,-0.008474,0.850861,-0.006776,0.525280,-229.394669,93.701950,86.866440
777,6.475000,-0.008067,0.851306,-0.007380,0.524555,-229.461761,93.681366,86.856926
778,6.483333,-0.007938,0.851063,-0.007722,0.524946,-229.542633,93.659828,86.842636
779,6.491667,-0.007775,0.850264,-0.007280,0.526249,-229.631470,93.634865,86.836349
780,6.500000,-0.009221,0.849943,-0.007386,0.526743,-229.691177,93.635330,86.837807
781,6.508333,-0.008745,0.849161,-0.007102,0.528014,-229.794907,93.613365,86.816765
782,6.516667,-0.008073,0.848681,-0.006924,0.528798,-229.895569,93.589241,86.793747
783,6.525000,-0.008641,0.847800,-0.007034,0.530200,-230.014893,93.580643,86.769554
784,6.533333,-0.010623,0.848277,-0.006922,0.529401,-230.040482,93.583145,86.776169
785,6.541667,-0.010060,0.847525,-0.006612,0.530619,-230.139709,93.566818,86.746712
786,6.550000,-0.008890,0.846874,-0.006615,0.531677,-230.236771,93.546791,86.726974
787,6.558333,-0.007874,0.845491,-0.006198,0.533896,-230.359268,93.522713,86.690079
788,6.566667,-0.009851,0.846212,-0.007082,0.532708,-230.370758,93.530251,86.696434
789,6.575000,-0.010239,0.845571,-0.007942,0.533706,-230.441971,93.520081,86.686134
790,6.583333,-0.009856,0.844589,-0.007828,0.535267,-230.534912,93.504478,86.666603
791,6.591667,-0.009393,0.843161,-0.007145,0.537532,-230.654984,93.483261,86.631226
792,6.600000,-0.010594,0.843993,-0.007917,0.536191,-230.681488,93.484093,86.640640
793,6.608333,-0.010201,0.843679,-0.007527,0.536699,-230.763962,93.468376,86.622726
794,6.616667,-0.009588,0.842701,-0.006844,0.538253,-230.854752,93.441803,86.599892
795,6.625000,-0.008761,0.841203,-0.005864,0.540617,-230.960114,93.413872,86.567612
796,6.633333,-0.007865,0.841471,-0.008525,0.540178,-230.992798,93.439590,86.577881
797,6.641667,-0.006081,0.840465,-0.008831,0.541760,-231.081863,93.421951,86.552498
798,6.650000,-0.004747,0.838903,-0.008342,0.544197,-231.207306,93.389565,86.506462
799,6.658333,-0.003154,0.837908,-0.007072,0.545756,-231.305527,93.352577,86.473099
800,6.666667,-0.004080,0.838614,-0.007877,0.544653,-231.339188,93.347404,86.472801
801,6.675000,-0.004669,0.838038,-0.007682,0.545537,-231.413910,93.329514,86.458031
802,6.683333,-0.005884,0.836903,-0.007801,0.547264,-231.507111,93.315353,86.426125
803,6.691667,-0.005888,0.836081,-0.006872,0.548531,-231.600708,93.280991,86.393600
804,6.700000,-0.006898,0.837047,-0.007863,0.547031,-231.637024,93.264999,86.386482
805,6.708333,-0.006893,0.836449,-0.007271,0.547953,-231.703262,93.239525,86.363831
806,6.716667,-0.007025,0.834845,-0.006230,0.550405,-231.794144,93.217125,86.338387
807,6.725000,-0.006499,0.833714,-0.004574,0.552139,-231.868393,93.188629,86.312683
808,6.733333,-0.006139,0.833473,-0.004018,0.552511,-231.926605,93.172279,86.292740
809,6.741667,-0.006991,0.834386,-0.005399,0.551111,-231.941086,93.179764,86.294128
810,6.750000,-0.006706,0.834329,-0.005861,0.551195,-231.993271,93.169388,86.283852
811,6.758333,-0.006332,0.833369,-0.005587,0.552653,-232.076569,93.147209,86.262199
812,6.766667,-0.006181,0.831994,-0.004257,0.554735,-232.160370,93.114906,86.239822
813,6.775000,-0.007420,0.832624,-0.005339,0.553763,-232.191940,93.103630,86.236977
814,6.783333,-0.007194,0.832122,-0.005413,0.554520,-232.260040,93.076271,86.214890
815,6.791667,-0.006949,0.830972,-0.005364,0.556245,-232.356995,93.043633,86.179581
816,6.800000,-0.006911,0.830165,-0.004519,0.557457,-232.471176,92.999817,86.143723
817,6.808333,-0.006303,0.829263,-0.002636,0.558817,-232.569199,92.946831,86.110039
818,6.816667,-0.006054,0.828346,-0.001754,0.560182,-232.670563,92.882347,86.079002
819,6.825000,-0.005374,0.827355,-0.001254,0.561653,-232.783417,92.809517,86.042839
820,6.833333,-0.004649,0.826765,-0.000224,0.562527,-232.894058,92.750641,85.993393
821,6.841667,-0.005078,0.825897,0.000918,0.563797,-233.015625,92.713318,85.940811
822,6.850000,-0.005071,0.825042,0.001314,0.565047,-233.130402,92.681686,85.900291
823,6.858333,-0.004998,0.824339,0.001295,0.566073,-233.251099,92.661896,85.851387
824,6.866667,-0.004515,0.823500,0.002102,0.567295,-233.367416,92.646118,85.800201
825,6.875000,-0.006121,0.822370,0.002109,0.568916,-233.499313,92.638283,85.749611
826,6.883333,-0.006527,0.821530,0.002584,0.570122,-233.627747,92.619072,85.696373
827,6.891667,-0.006129,0.820572,0.004770,0.571491,-233.761719,92.606445,85.642731
828,6.900000,-0.002387,0.819239,0.004763,0.573427,-233.887192,92.599548,85.594276
829,6.908333,-0.001539,0.818178,0.004197,0.574948,-234.007477,92.606369,85.538589
830,6.916667,-0.002859,0.817281,0.003384,0.576223,-234.124252,92.617920,85.484413
831,6.925000,-0.003658,0.816429,0.002480,0.577429,-234.230728,92.633186,85.435555
832,6.933333,-0.004281,0.816252,0.002480,0.577675,-234.327515,92.637932,85.392471
833,6.941667,-0.004669,0.815543,0.002850,0.578671,-234.417603,92.626450,85.349312
834,6.950000,-0.004444,0.814495,0.003230,0.580144,-234.504318,92.611565,85.309113
835,6.958333,-0.003848,0.813798,0.003740,0.581123,-234.591583,92.596748,85.267410
836,6.966667,-0.003510,0.813275,0.003473,0.581859,-234.681244,92.585670,85.217445
837,6.975000,-0.003126,0.812903,0.003006,0.582383,-234.754562,92.586983,85.181221
838,6.983333,-0.001244,0.811819,0.002177,0.583903,-234.825729,92.608009,85.139503
839,6.991667,-0.000296,0.811154,0.001876,0.584829,-234.898621,92.626846,85.094124
840,7.000000,-0.000739,0.810763,0.002441,0.585369,-234.967453,92.629745,85.058739
841,7.008333,-0.001248,0.810417,0.003175,0.585844,-235.029938,92.624191,85.033775
842,7.016667,-0.002448,0.809350,0.003633,0.587311,-235.090988,92.609329,85.001808
843,7.025000,-0.002981,0.808556,0.003390,0.588402,-235.146622,92.597878,84.980202
844,7.033333,-0.002995,0.808172,0.003027,0.588931,-235.190964,92.596474,84.958824
845,7.041667,-0.002519,0.807978,0.002477,0.589202,-235.229355,92.604774,84.936241
846,7.050000,-0.003483,0.807975,0.002608,0.589200,-235.273880,92.636833,84.907158
847,7.058333,-0.003944,0.807929,0.002313,0.589262,-235.311935,92.645172,84.885208
848,7.066667,-0.004040,0.807665,0.002300,0.589623,-235.341644,92.642433,84.870758
849,7.075000,-0.003780,0.807283,0.002439,0.590147,-235.366959,92.632111,84.858765
850,7.083333,-0.003582,0.807070,0.002675,0.590438,-235.392120,92.622574,84.849899
851,7.091667,-0.003386,0.806736,0.002916,0.590895,-235.418365,92.613098,84.840378
852,7.100000,-0.003579,0.806587,0.002828,0.591098,-235.439423,92.611465,84.831604
853,7.108333,-0.003879,0.806396,0.002600,0.591357,-235.459213,92.616318,84.818893
854,7.116667,-0.004183,0.806300,0.002377,0.591488,-235.476944,92.620995,84.805321
855,7.125000,-0.003716,0.806139,0.002122,0.591710,-235.490326,92.621437,84.795189
856,7.133333,-0.003140,0.806068,0.001600,0.591813,-235.494400,92.612297,84.784599
857,7.141667,-0.002778,0.806348,0.000962,0.591435,-235.489517,92.586578,84.770767
858,7.150000,-0.002319,0.806101,-0.000241,0.591774,-235.475586,92.522766,84.760933
859,7.158333,-0.000952,0.805866,-0.001361,0.592096,-235.452438,92.502556,84.761467
860,7.166667,0.000831,0.805979,-0.000782,0.591943,-235.426590,92.481239,84.777847
861,7.175000,0.001991,0.806000,-0.000622,0.591913,-235.397385,92.478645,84.807785
862,7.183333,0.003169,0.805869,-0.000525,0.592085,-235.367752,92.476128,84.840935
863,7.191667,0.004244,0.806115,-0.000343,0.591743,-235.341019,92.470406,84.876526
864,7.200000,0.005428,0.806298,0.000051,0.591485,-235.320663,92.465553,84.910461
865,7.208333,0.006288,0.806385,0.000736,0.591357,-235.309631,92.461647,84.940132
866,7.216667,0.007096,0.806226,0.001410,0.591564,-235.302658,92.463867,84.968506
867,7.225000,0.005694,0.805794,0.001184,0.592168,-235.313385,92.490318,85.006454
868,7.233333,0.006415,0.806040,0.001852,0.591823,-235.318085,92.495628,85.045761
869,7.241667,0.007483,0.806413,0.003049,0.591298,-235.325790,92.485603,85.075020
870,7.250000,0.009397,0.806494,0.004471,0.591151,-235.338074,92.465248,85.110863
871,7.258333,0.010560,0.806437,0.006245,0.591193,-235.356995,92.456474,85.145851
872,7.266667,0.011340,0.806388,0.007628,0.591229,-235.377090,92.450043,85.186897
873,7.275000,0.012163,0.806147,0.008625,0.591527,-235.399719,92.447685,85.236343
874,7.283333,0.013357,0.805848,0.010102,0.591886,-235.422775,92.444069,85.286720
875,7.291667,0.013669,0.805904,0.012588,0.591754,-235.448639,92.432083,85.355782
876,7.300000,0.014431,0.805935,0.014848,0.591641,-235.477142,92.416679,85.424629
877,7.308333,0.015167,0.806660,0.017174,0.590572,-235.503937,92.396889,85.495705
878,7.316667,0.014158,0.807116,0.018539,0.589932,-235.540771,92.417252,85.590889
879,7.325000,0.017226,0.807830,0.021110,0.588785,-235.542801,92.416534,85.660843
880,7.333333,0.016436,0.809355,0.024392,0.586582,-235.538727,92.401581,85.731796
881,7.341667,0.016292,0.811017,0.026491,0.584196,-235.538940,92.392746,85.781250
882,7.350000,0.015749,0.812707,0.027459,0.581812,-235.542465,92.391823,85.814148
883,7.358333,0.015991,0.814180,0.027856,0.579723,-235.541351,92.391701,85.831001
884,7.366667,0.016093,0.814878,0.027978,0.578733,-235.539291,92.393837,85.840881
885,7.375000,0.016040,0.814938,0.027913,0.578653,-235.536194,92.393372,85.839920
886,7.383333,0.015967,0.814777,0.027536,0.578899,-235.531143,92.393204,85.830811
887,7.391667,0.015953,0.814184,0.026638,0.579776,-235.519379,92.393074,85.812531
888,7.400000,0.016247,0.813618,0.025876,0.580596,-235.499146,92.393990,85.790787
889,7.408333,0.016202,0.813039,0.024654,0.581461,-235.483734,92.395523,85.762192
890,7.416667,0.015908,0.812281,0.023281,0.582585,-235.475632,92.397400,85.724548
891,7.425000,0.013787,0.811401,0.021452,0.583933,-235.479004,92.412598,85.683708
892,7.433333,0.017297,0.810788,0.020075,0.584740,-235.460541,92.396698,85.611237
893,7.441667,0.019460,0.810144,0.017957,0.585632,-235.440140,92.394539,85.546616
894,7.450000,0.019540,0.809443,0.016451,0.586642,-235.422333,92.398743,85.504745
895,7.458333,0.018550,0.808709,0.015781,0.587704,-235.415894,92.401443,85.474983
896,7.466667,0.016797,0.807379,0.015613,0.589587,-235.423615,92.401924,85.442139
897,7.475000,0.015429,0.806469,0.015870,0.590862,-235.444763,92.402214,85.425079
898,7.483333,0.014197,0.806024,0.015465,0.591510,-235.466003,92.408218,85.414764
899,7.491667,0.014009,0.805629,0.015779,0.592044,-235.476105,92.407021,85.415802
900,7.500000,0.014126,0.805118,0.016060,0.592729,-235.475891,92.405807,85.423920
901,7.508333,0.015302,0.804568,0.016952,0.593422,-235.463043,92.394135,85.447800
902,7.516667,0.016437,0.804001,0.017223,0.594152,-235.442490,92.384895,85.480156
903,7.525000,0.015490,0.803575,0.016559,0.594771,-235.440063,92.410324,85.534348
904,7.533333,0.016431,0.803952,0.017114,0.594221,-235.432266,92.414062,85.592934
905,7.541667,0.019046,0.804342,0.017862,0.593592,-235.424088,92.410088,85.649719
906,7.550000,0.021151,0.804476,0.019136,0.593300,-235.426453,92.410530,85.690178
907,7.558333,0.022203,0.804057,0.020803,0.593773,-235.430832,92.413399,85.720917
908,7.566667,0.022836,0.803601,0.021874,0.594328,-235.433273,92.411171,85.737587
909,7.575000,0.023198,0.803218,0.022338,0.594814,-235.437912,92.410118,85.748978
910,7.583333,0.023165,0.802981,0.022433,0.595131,-235.445984,92.409920,85.748085
911,7.591667,0.023224,0.802748,0.022421,0.595444,-235.457687,92.404922,85.748787
912,7.600000,0.022106,0.802914,0.022039,0.595277,-235.469009,92.408257,85.728569
913,7.608333,0.020928,0.802901,0.021611,0.595353,-235.483475,92.407623,85.700806
914,7.616667,0.019463,0.802730,0.021068,0.595653,-235.502441,92.406448,85.669121
915,7.625000,0.018046,0.802590,0.020115,0.595919,-235.517593,92.398247,85.620293
916,7.633333,0.015670,0.801960,0.018895,0.596874,-235.522247,92.391243,85.567841
917,7.641667,0.012561,0.801616,0.017088,0.597462,-235.523819,92.411987,85.528831
918,7.650000,0.014026,0.801927,0.017119,0.597011,-235.493378,92.395683,85.488625
919,7.658333,0.015391,0.802025,0.016878,0.596854,-235.465958,92.388359,85.465897
920,7.666667,0.016168,0.802164,0.016639,0.596653,-235.429855,92.387604,85.459618
921,7.675000,0.016760,0.802151,0.016115,0.596669,-235.402100,92.392502,85.460464
922,7.683333,0.017536,0.802279,0.016120,0.596474,-235.383011,92.394806,85.464981
923,7.691667,0.018397,0.802500,0.016599,0.596137,-235.373947,92.391708,85.479225
924,7.700000,0.019150,0.802809,0.017005,0.595686,-235.376923,92.390678,85.504387
925,7.708333,0.017649,0.802886,0.016360,0.595647,-235.397430,92.415527,85.548698
926,7.716667,0.018120,0.803128,0.016614,0.595300,-235.418823,92.421280,85.599129
927,7.725000,0.019978,0.803675,0.017960,0.594462,-235.438416,92.412613,85.640121
928,7.733333,0.020821,0.803896,0.020288,0.594059,-235.471970,92.414696,85.674850
929,7.741667,0.020878,0.803899,0.022142,0.593987,-235.503433,92.411942,85.693970
930,7.750000,0.020638,0.803844,0.023345,0.594023,-235.527893,92.409904,85.706909
931,7.758333,0.021052,0.803608,0.024186,0.594294,-235.542297,92.407417,85.727844
932,7.766667,0.021560,0.803558,0.024632,0.594326,-235.540436,92.406670,85.735825
933,7.775000,0.021852,0.803629,0.024344,0.594231,-235.526230,92.407852,85.741989
934,7.783333,0.022275,0.803650,0.023825,0.594207,-235.509674,92.408798,85.741089
935,7.791667,0.022410,0.803684,0.023098,0.594186,-235.496552,92.407104,85.731438
936,7.800000,0.021556,0.803943,0.022094,0.593905,-235.483200,92.412224,85.710800
937,7.808333,0.020645,0.804123,0.021182,0.593728,-235.472229,92.411026,85.685143
938,7.816667,0.019547,0.804276,0.019769,0.593605,-235.463028,92.407433,85.652489
939,7.825000,0.016393,0.804253,0.017413,0.593806,-235.463089,92.424995,85.617004
940,7.833333,0.014737,0.803688,0.016859,0.594630,-235.450882,92.415665,85.553108
941,7.841667,0.015591,0.803593,0.016840,0.594737,-235.433289,92.396072,85.492897
942,7.850000,0.015917,0.803615,0.016884,0.594697,-235.428360,92.390511,85.451607
943,7.858333,0.015430,0.803735,0.016496,0.594559,-235.426163,92.396553,85.430428
944,7.866667,0.015230,0.803753,0.016068,0.594551,-235.426514,92.401901,85.415497
945,7.875000,0.014793,0.803826,0.015460,0.594480,-235.427567,92.409111,85.408264
946,7.883333,0.014700,0.803805,0.015323,0.594514,-235.433060,92.409584,85.414963
947,7.891667,0.015290,0.803766,0.015972,0.594535,-235.437103,92.401901,85.426125
948,7.900000,0.015967,0.803712,0.016477,0.594576,-235.443970,92.394623,85.445129
949,7.908333,0.016764,0.803703,0.017008,0.594552,-235.449738,92.385399,85.474182
950,7.916667,0.015064,0.803418,0.016691,0.594991,-235.470703,92.406258,85.524544
951,7.925000,0.014971,0.803690,0.017478,0.594603,-235.477524,92.406319,85.587799
952,7.933333,0.017901,0.804129,0.018799,0.593888,-235.470612,92.399635,85.635498
953,7.941667,0.019912,0.804214,0.019845,0.593675,-235.475616,92.402802,85.669365
954,7.950000,0.021243,0.804050,0.021426,0.593796,-235.482758,92.407600,85.697372
955,7.958333,0.021754,0.803878,0.022510,0.593970,-235.489746,92.410835,85.717278
956,7.966667,0.021755,0.803728,0.023067,0.594151,-235.498093,92.412361,85.725136
957,7.975000,0.021661,0.803650,0.023431,0.594246,-235.506866,92.413322,85.726891
958,7.983333,0.021663,0.803489,0.023680,0.594453,-235.514191,92.409668,85.732666
959,7.991667,0.021023,0.803722,0.023232,0.594180,-235.506271,92.409691,85.716057
960,8.000000,0.020650,0.803792,0.022463,0.594128,-235.490173,92.408211,85.706886
961,8.008333,0.020283,0.803883,0.021553,0.594050,-235.472778,92.407555,85.692375
962,8.016667,0.019895,0.803989,0.020064,0.593973,-235.455078,92.407120,85.666611
963,8.025000,0.017843,0.804070,0.017960,0.593995,-235.445221,92.423264,85.645012
964,8.033333,0.016383,0.803443,0.017396,0.594902,-235.422089,92.415199,85.582184
965,8.041667,0.016078,0.803138,0.016399,0.595350,-235.409409,92.416359,85.537521
966,8.050000,0.017690,0.803261,0.016536,0.595134,-235.396271,92.397774,85.499329
967,8.058333,0.018228,0.803244,0.016432,0.595144,-235.405991,92.392601,85.476997
968,8.066667,0.017841,0.803226,0.016175,0.595187,-235.425446,92.395676,85.465309
969,8.075000,0.017161,0.803291,0.016248,0.595118,-235.453918,92.397385,85.458931
970,8.083333,0.015246,0.803321,0.015268,0.595156,-235.484100,92.411888,85.465935
971,8.091667,0.014715,0.803441,0.016344,0.594978,-235.503738,92.403809,85.482445
972,8.100000,0.015102,0.803299,0.017781,0.595119,-235.510132,92.391670,85.502274
973,8.108333,0.013593,0.802739,0.017982,0.595904,-235.519989,92.408180,85.553375
974,8.116667,0.015582,0.803197,0.019183,0.595200,-235.494476,92.393570,85.598206
975,8.125000,0.018105,0.803611,0.019644,0.594556,-235.470367,92.395386,85.642662
976,8.133333,0.020273,0.803781,0.019946,0.594245,-235.447983,92.403175,85.676155
977,8.141667,0.021531,0.803617,0.020602,0.594401,-235.424377,92.413559,85.706985
978,8.150000,0.022134,0.803236,0.020429,0.594899,-235.397751,92.415199,85.721413
979,8.158333,0.022422,0.802864,0.019968,0.595406,-235.376572,92.416832,85.726723
980,8.166667,0.022418,0.802618,0.019483,0.595753,-235.359833,92.415390,85.721725
981,8.175000,0.022294,0.802515,0.019082,0.595910,-235.347275,92.412247,85.708717
982,8.183333,0.020978,0.801785,0.018562,0.596955,-235.334946,92.406456,85.673027
983,8.191667,0.019356,0.801263,0.017956,0.597730,-235.336853,92.428284,85.631958
984,8.200000,0.019197,0.801085,0.017587,0.597985,-235.340591,92.431580,85.602913
985,8.208333,0.018903,0.801108,0.017008,0.597980,-235.359116,92.432816,85.579109
986,8.216667,0.018364,0.801240,0.016400,0.597836,-235.391052,92.433670,85.561775
987,8.225000,0.017275,0.801392,0.016471,0.597663,-235.436981,92.429512,85.556686
988,8.233333,0.017131,0.801158,0.017274,0.597958,-235.483521,92.412750,85.563232
989,8.241667,0.016511,0.800809,0.018771,0.598398,-235.528061,92.400787,85.559120
990,8.250000,0.014903,0.800606,0.019506,0.598689,-235.561111,92.400398,85.560570
991,8.258333,0.014003,0.800503,0.019820,0.598837,-235.572739,92.401215,85.560303
992,8.266667,0.013862,0.800429,0.019779,0.598941,-235.565369,92.401123,85.562546
993,8.275000,0.014355,0.800414,0.019204,0.598968,-235.544754,92.399704,85.561127
994,8.283333,0.015522,0.800374,0.018965,0.598999,-235.510254,92.393021,85.558777
995,8.291667,0.014893,0.800351,0.017716,0.599085,-235.471054,92.408913,85.569138
996,8.300000,0.016229,0.800266,0.017566,0.599169,-235.419296,92.411491,85.585228
997,8.308333,0.017515,0.800181,0.017490,0.599247,-235.374802,92.418320,85.610809
998,8.316667,0.019249,0.800317,0.017345,0.599016,-235.344284,92.424561,85.645172
999,8.325000,0.021628,0.800681,0.017532,0.598444,-235.319641,92.419014,85.678658
1000,8.333333,0.023068,0.800753,0.017636,0.598291,-235.311310,92.419846,85.702194
1001,8.341667,0.024091,0.800611,0.017882,0.598432,-235.308197,92.417816,85.713539
1002,8.350000,0.024352,0.800787,0.018172,0.598178,-235.310745,92.417076,85.721779
1003,8.358333,0.023517,0.800477,0.018490,0.598616,-235.319656,92.413422,85.703461
1004,8.366667,0.022437,0.800395,0.018205,0.598776,-235.331421,92.411484,85.686844
1005,8.375000,0.021249,0.800419,0.017862,0.598797,-235.344070,92.410698,85.657265
1006,8.383333,0.018871,0.800172,0.017181,0.599228,-235.376389,92.422829,85.632637
1007,8.391667,0.018165,0.800302,0.017036,0.599080,-235.417511,92.420158,85.603455
1008,8.400000,0.017096,0.800503,0.016995,0.598844,-235.466049,92.417084,85.585327
1009,8.408333,0.017006,0.800493,0.017759,0.598838,-235.505493,92.403175,85.569153
1010,8.416667,0.015676,0.800495,0.018325,0.598854,-235.543243,92.397018,85.557732
1011,8.425000,0.014209,0.800432,0.019102,0.598951,-235.570221,92.396133,85.560234
1012,8.433333,0.013525,0.800265,0.019449,0.599179,-235.580902,92.397758,85.563133
1013,8.441667,0.013471,0.800196,0.019488,0.599271,-235.575409,92.397987,85.566315
1014,8.450000,0.014139,0.800191,0.019112,0.599273,-235.553497,92.394981,85.570763
1015,8.458333,0.015533,0.800246,0.019343,0.599158,-235.524124,92.386307,85.580643
1016,8.466667,0.016793,0.800404,0.019142,0.598920,-235.482483,92.383919,85.603699
1017,8.475000,0.018364,0.800198,0.018633,0.599165,-235.423950,92.390213,85.630074
1018,8.483333,0.020032,0.799923,0.017883,0.599502,-235.370010,92.399231,85.655144
1019,8.491667,0.021783,0.800019,0.017430,0.599325,-235.333847,92.406525,85.684601
1020,8.500000,0.023405,0.800198,0.017634,0.599020,-235.314087,92.410042,85.710686
1021,8.508333,0.024480,0.800508,0.017738,0.598559,-235.305756,92.414192,85.736015
1022,8.516667,0.024495,0.800906,0.019459,0.597972,-235.311005,92.421051,85.753975
1023,8.525000,0.023902,0.801251,0.018930,0.597551,-235.315201,92.414429,85.756950
1024,8.533333,0.021802,0.800647,0.018584,0.598451,-235.315628,92.400131,85.731834
1025,8.541667,0.021671,0.800439,0.018124,0.598747,-235.320496,92.400337,85.708908
1026,8.550000,0.021794,0.800444,0.017493,0.598756,-235.332581,92.404350,85.690231
1027,8.558333,0.021471,0.800418,0.017279,0.598809,-235.354233,92.407173,85.673752
1028,8.566667,0.020875,0.800605,0.017389,0.598577,-235.391968,92.407188,85.649178
1029,8.575000,0.019507,0.800946,0.017561,0.598161,-235.441071,92.403595,85.614037
1030,8.583333,0.017963,0.800938,0.017711,0.598216,-235.483688,92.399910,85.578903
1031,8.591667,0.014379,0.800634,0.017378,0.598729,-235.526230,92.413040,85.560402
1032,8.600000,0.013130,0.800782,0.017427,0.598558,-235.542389,92.403694,85.544014
1033,8.608333,0.012913,0.800890,0.017638,0.598413,-235.548569,92.395767,85.536453
1034,8.616667,0.013349,0.801042,0.017925,0.598191,-235.543182,92.392677,85.545502
1035,8.625000,0.013888,0.801084,0.018074,0.598118,-235.531952,92.394325,85.567108
1036,8.633333,0.014927,0.801627,0.019076,0.597333,-235.510010,92.383636,85.599770
1037,8.641667,0.017145,0.802291,0.019425,0.596370,-235.472610,92.385361,85.639244
1038,8.650000,0.019420,0.802363,0.019016,0.596217,-235.428497,92.395172,85.673119
1039,8.658333,0.019959,0.801501,0.018850,0.597362,-235.380844,92.398506,85.688095
1040,8.666667,0.021585,0.800989,0.018143,0.598015,-235.338455,92.404083,85.693047
1041,8.675000,0.022720,0.800971,0.017487,0.598016,-235.307785,92.410736,85.694420
1042,8.683333,0.023710,0.800950,0.017090,0.598018,-235.286591,92.414490,85.699028
1043,8.691667,0.024412,0.801022,0.017202,0.597890,-235.281448,92.417503,85.712280
1044,8.700000,0.024834,0.801304,0.017498,0.597485,-235.287888,92.421532,85.724548
1045,8.708333,0.024244,0.801514,0.017720,0.597222,-235.305664,92.418793,85.726479
1046,8.716667,0.022795,0.801952,0.018234,0.596675,-235.330826,92.412910,85.718430
1047,8.725000,0.021297,0.802315,0.018490,0.596235,-235.352585,92.409401,85.701736
1048,8.733333,0.018546,0.801778,0.018629,0.597044,-235.373550,92.402359,85.659157
1049,8.741667,0.016216,0.801408,0.017270,0.597648,-235.410233,92.422798,85.612152
1050,8.750000,0.015997,0.801501,0.016782,0.597543,-235.445526,92.418793,85.578247
1051,8.758333,0.015072,0.801424,0.016520,0.597679,-235.481812,92.419334,85.556320
1052,8.766667,0.013701,0.801301,0.016770,0.597869,-235.509537,92.417694,85.543777
1053,8.775000,0.014498,0.801503,0.018104,0.597541,-235.516815,92.393692,85.531197
1054,8.783333,0.015137,0.801654,0.019127,0.597290,-235.519882,92.378250,85.532188
1055,8.791667,0.014945,0.801617,0.018992,0.597349,-235.523087,92.383247,85.556061
1056,8.800000,0.015176,0.802054,0.019462,0.596741,-235.510132,92.381538,85.587624
1057,8.808333,0.016665,0.802514,0.019638,0.596078,-235.481720,92.384575,85.620750
1058,8.816667,0.018697,0.802792,0.019284,0.595654,-235.448212,92.392044,85.648003
1059,8.825000,0.019337,0.802125,0.018838,0.596546,-235.409164,92.394867,85.653145
1060,8.833333,0.020445,0.801649,0.018115,0.597170,-235.370087,92.402725,85.659012
1061,8.841667,0.019884,0.801307,0.017140,0.597678,-235.348160,92.423660,85.666801
1062,8.850000,0.020584,0.801208,0.016902,0.597793,-235.334564,92.426659,85.670700
1063,8.858333,0.022323,0.801611,0.017374,0.597176,-235.325150,92.415588,85.671722
1064,8.866667,0.022814,0.801969,0.017639,0.596669,-235.336823,92.415031,85.681801
1065,8.875000,0.022273,0.802361,0.018113,0.596149,-235.358902,92.414162,85.686325
1066,8.883333,0.021032,0.802886,0.018497,0.595474,-235.385513,92.410919,85.678108
1067,8.891667,0.019851,0.803295,0.018579,0.594961,-235.412140,92.406525,85.661102
1068,8.900000,0.017612,0.802695,0.018733,0.595835,-235.433884,92.396263,85.620728
1069,8.908333,0.015252,0.802105,0.017658,0.596727,-235.461288,92.410904,85.583733
1070,8.916667,0.014383,0.802011,0.017624,0.596877,-235.478424,92.413750,85.546791
1071,8.925000,0.013644,0.802114,0.017185,0.596768,-235.483810,92.413338,85.518875
1072,8.933333,0.013062,0.802159,0.016630,0.596735,-235.477142,92.415497,85.501312
1073,8.941667,0.013319,0.802287,0.016470,0.596563,-235.460495,92.416290,85.494301
1074,8.950000,0.013955,0.802426,0.016172,0.596370,-235.440582,92.416580,85.497192
1075,8.958333,0.014688,0.802524,0.016090,0.596222,-235.429474,92.417992,85.507942
1076,8.966667,0.015525,0.802613,0.016326,0.596075,-235.427231,92.417885,85.525604
1077,8.975000,0.016005,0.802764,0.016675,0.595849,-235.437088,92.419327,85.551575
1078,8.983333,0.016039,0.803040,0.017296,0.595458,-235.458191,92.418983,85.596581
1079,8.991667,0.017638,0.803360,0.018582,0.594942,-235.469940,92.405106,85.628387
1080,9.000000,0.018627,0.803462,0.019757,0.594737,-235.478394,92.401627,85.655594
1081,9.008333,0.019500,0.803415,0.021419,0.594715,-235.478287,92.402046,85.677574
1082,9.016667,0.019925,0.803281,0.022051,0.594858,-235.475510,92.405289,85.692673
1083,9.025000,0.020378,0.803264,0.022267,0.594859,-235.472488,92.406097,85.698448
1084,9.033333,0.020398,0.803190,0.022159,0.594961,-235.473007,92.406349,85.698212
1085,9.041667,0.020146,0.803161,0.021864,0.595020,-235.474304,92.407188,85.689804
1086,9.050000,0.019682,0.803192,0.021555,0.595004,-235.474228,92.406654,85.675980
1087,9.058333,0.019014,0.803366,0.020544,0.594827,-235.466721,92.404381,85.657196
1088,9.066667,0.018376,0.803470,0.019350,0.594746,-235.459000,92.402077,85.631142
1089,9.075000,0.015179,0.802740,0.017984,0.595865,-235.457230,92.412170,85.590897
1090,9.083333,0.014728,0.802602,0.017406,0.596078,-235.443146,92.411621,85.546783
1091,9.091667,0.016484,0.802840,0.017571,0.595708,-235.416153,92.392715,85.505226
1092,9.100000,0.017412,0.802966,0.017438,0.595516,-235.408875,92.386864,85.482635
1093,9.108333,0.017340,0.803027,0.017005,0.595447,-235.413940,92.390396,85.471069
1094,9.116667,0.017128,0.802987,0.017004,0.595508,-235.420990,92.393074,85.468353
1095,9.125000,0.014487,0.802717,0.016236,0.595963,-235.435440,92.419060,85.488853
1096,9.133333,0.016572,0.803001,0.017527,0.595489,-235.414093,92.394524,85.495430
1097,9.141667,0.015830,0.802978,0.017382,0.595545,-235.423203,92.407928,85.527458
1098,9.150000,0.016353,0.803019,0.017675,0.595466,-235.428070,92.413506,85.558258
1099,9.158333,0.016945,0.802940,0.017858,0.595552,-235.435654,92.420250,85.591782
1100,9.166667,0.017262,0.803168,0.018526,0.595214,-235.446594,92.423981,85.619743
1101,9.175000,0.018578,0.803524,0.019759,0.594655,-235.454132,92.411812,85.634026
1102,9.183333,0.018929,0.803806,0.020360,0.594241,-235.462769,92.406258,85.639656
1103,9.191667,0.019116,0.803819,0.020435,0.594215,-235.460358,92.403999,85.639946
1104,9.200000,0.019053,0.803743,0.020111,0.594332,-235.454041,92.404083,85.635208
1105,9.208333,0.017105,0.803579,0.019134,0.594644,-235.459259,92.422127,85.630913
1106,9.216667,0.015786,0.802822,0.019083,0.595704,-235.452515,92.413696,85.593903
1107,9.225000,0.015331,0.802540,0.018460,0.596116,-235.446030,92.416267,85.557762
1108,9.233333,0.015127,0.802474,0.017482,0.596240,-235.437805,92.417358,85.522995
1109,9.241667,0.014888,0.802553,0.016809,0.596159,-235.430939,92.418396,85.497734
1110,9.250000,0.016395,0.802850,0.017186,0.595708,-235.418747,92.398361,85.472145
1111,9.258333,0.016700,0.802915,0.017276,0.595609,-235.417938,92.391182,85.459068
1112,9.266667,0.016669,0.802926,0.017197,0.595597,-235.417862,92.391258,85.458466
1113,9.275000,0.016775,0.802898,0.017273,0.595630,-235.420013,92.390495,85.469948
1114,9.283333,0.017371,0.802890,0.017836,0.595607,-235.418991,92.386597,85.489006
1115,9.291667,0.015686,0.802683,0.017460,0.595944,-235.432983,92.408875,85.527596
1116,9.300000,0.016063,0.802654,0.017960,0.595958,-235.435150,92.415321,85.564636
1117,9.308333,0.016847,0.802598,0.018306,0.596001,-235.433105,92.420708,85.597847
1118,9.316667,0.017395,0.802923,0.018903,0.595528,-235.434906,92.424683,85.630249
1119,9.325000,0.018928,0.803350,0.019709,0.594880,-235.431641,92.414085,85.648186
1120,9.333333,0.019580,0.803495,0.019948,0.594655,-235.434937,92.409462,85.651192
1121,9.341667,0.019717,0.803427,0.020070,0.594738,-235.438843,92.406998,85.647804
1122,9.350000,0.019131,0.803412,0.019632,0.594792,-235.441895,92.408272,85.634689
1123,9.358333,0.016250,0.802589,0.019046,0.596007,-235.449600,92.417030,85.608994
1124,9.366667,0.015650,0.802269,0.018820,0.596460,-235.451263,92.418961,85.574547
1125,9.375000,0.015250,0.802299,0.018003,0.596456,-235.449951,92.421021,85.541641
1126,9.383333,0.014934,0.802500,0.017245,0.596215,-235.441422,92.418297,85.513725
1127,9.391667,0.016754,0.802752,0.017619,0.595817,-235.414642,92.394432,85.482590
1128,9.400000,0.017271,0.802918,0.017559,0.595581,-235.406158,92.388527,85.469376
1129,9.408333,0.017437,0.802912,0.017238,0.595594,-235.409760,92.390999,85.468628
1130,9.416667,0.015225,0.802666,0.016436,0.596008,-235.431091,92.415634,85.487816
1131,9.425000,0.014783,0.802661,0.016609,0.596022,-235.439484,92.417160,85.506996
1132,9.433333,0.015135,0.802696,0.017333,0.595944,-235.434982,92.412117,85.531738
1133,9.441667,0.015990,0.802842,0.017953,0.595707,-235.428329,92.410973,85.562279
1134,9.450000,0.016870,0.802845,0.018198,0.595672,-235.420135,92.415237,85.596504
1135,9.458333,0.017449,0.803326,0.018337,0.595002,-235.415100,92.423134,85.627937
1136,9.466667,0.018053,0.803681,0.018489,0.594500,-235.414673,92.427811,85.649284
1137,9.475000,0.019776,0.803860,0.019076,0.594184,-235.401566,92.414276,85.650131
1138,9.483333,0.017935,0.803657,0.018220,0.594543,-235.411377,92.431526,85.652847
1139,9.491667,0.017015,0.802816,0.018616,0.595693,-235.404724,92.419418,85.617661
1140,9.500000,0.017013,0.802651,0.018399,0.595922,-235.400009,92.418938,85.585632
1141,9.508333,0.016946,0.802694,0.017660,0.595888,-235.395126,92.418633,85.559151
1142,9.516667,0.016410,0.802739,0.017079,0.595861,-235.398727,92.420540,85.531250
1143,9.525000,0.017747,0.802876,0.017650,0.595621,-235.402161,92.398331,85.502495
1144,9.533333,0.017829,0.802816,0.017941,0.595691,-235.414169,92.389015,85.484016
1145,9.541667,0.017680,0.802754,0.018171,0.595772,-235.419342,92.386208,85.480453
1146,9.550000,0.015296,0.802549,0.017503,0.596133,-235.425156,92.406693,85.498238
1147,9.558333,0.017343,0.802902,0.018291,0.595577,-235.402863,92.389648,85.510185
1148,9.566667,0.016571,0.802721,0.017654,0.595862,-235.409515,92.413589,85.541359
1149,9.575000,0.016985,0.802821,0.018002,0.595707,-235.405304,92.420006,85.557053
1150,9.583333,0.017119,0.802797,0.018119,0.595731,-235.401062,92.422295,85.564110
1151,9.591667,0.017013,0.802671,0.017896,0.595911,-235.397385,92.420250,85.555298
1152,9.600000,0.016956,0.802631,0.017465,0.595979,-235.398239,92.419388,85.542664
1153,9.608333,0.016536,0.802698,0.017154,0.595910,-235.406494,92.419052,85.538239
1154,9.616667,0.016251,0.802757,0.017031,0.595841,-235.422089,92.420113,85.540649
1155,9.625000,0.015948,0.802725,0.017356,0.595883,-235.437485,92.418808,85.549995
1156,9.633333,0.015542,0.802649,0.018019,0.595977,-235.446045,92.417236,85.561478
1157,9.641667,0.015517,0.802544,0.018425,0.596106,-235.442596,92.415466,85.568947
1158,9.650000,0.015744,0.802571,0.018218,0.596070,-235.434586,92.417389,85.569672
1159,9.658333,0.016000,0.802587,0.017933,0.596051,-235.424896,92.418930,85.564049
1160,9.666667,0.016219,0.802608,0.017484,0.596030,-235.416534,92.418564,85.552673
1161,9.675000,0.016274,0.802627,0.017139,0.596013,-235.413406,92.419128,85.537857
1162,9.683333,0.016098,0.802669,0.017085,0.595963,-235.418610,92.419121,85.532913
1163,9.691667,0.016101,0.802664,0.017316,0.595962,-235.427505,92.418114,85.538834
1164,9.700000,0.015848,0.802651,0.017892,0.595970,-235.430695,92.417130,85.540565
1165,9.708333,0.015789,0.802614,0.018074,0.596016,-235.431046,92.417984,85.537148
1166,9.716667,0.015366,0.802575,0.017822,0.596087,-235.426208,92.417236,85.527954
1167,9.725000,0.015341,0.802624,0.017435,0.596032,-235.417297,92.416451,85.523079
1168,9.733333,0.015562,0.802647,0.017372,0.595998,-235.411713,92.415352,85.522530
1169,9.741667,0.015797,0.802679,0.017307,0.595951,-235.413696,92.417091,85.527977
1170,9.750000,0.015891,0.802758,0.017228,0.595844,-235.418289,92.419136,85.533371
1171,9.758333,0.015950,0.802726,0.017319,0.595883,-235.419678,92.418686,85.537598
1172,9.766667,0.016054,0.802710,0.017478,0.595897,-235.415344,92.416573,85.540215
1173,9.775000,0.016137,0.802715,0.017389,0.595891,-235.413239,92.417374,85.543831
1174,9.783333,0.016303,0.802760,0.017449,0.595824,-235.415466,92.419258,85.545448
1175,9.791667,0.016045,0.802796,0.017383,0.595784,-235.418518,92.420006,85.546669
1176,9.800000,0.016255,0.802744,0.017400,0.595848,-235.417770,92.419876,85.548416
1177,9.808333,0.016406,0.802744,0.017441,0.595844,-235.416672,92.419075,85.549599
1178,9.816667,0.016335,0.802678,0.017421,0.595934,-235.418732,92.420349,85.548180
1179,9.825000,0.016131,0.802673,0.017339,0.595948,-235.420090,92.420265,85.544281
1180,9.833333,0.016233,0.802750,0.017427,0.595840,-235.419647,92.418816,85.542717
1181,9.841667,0.016010,0.802724,0.017449,0.595881,-235.418961,92.417404,85.537766
1182,9.850000,0.015893,0.802711,0.017382,0.595903,-235.419556,92.416199,85.534195
1183,9.858333,0.015795,0.802747,0.017409,0.595856,-235.418839,92.415962,85.531273
1184,9.866667,0.015757,0.802722,0.017430,0.595890,-235.418182,92.416130,85.526985
1185,9.875000,0.015818,0.802657,0.017569,0.595973,-235.417511,92.415909,85.524628
1186,9.883333,0.018069,0.802838,0.018455,0.595638,-235.404282,92.393402,85.514374
1187,9.891667,0.015988,0.802568,0.017356,0.596093,-235.418243,92.416801,85.526360
1188,9.900000,0.015756,0.802590,0.017401,0.596069,-235.418289,92.418304,85.529343
1189,9.908333,0.015811,0.802690,0.017508,0.595930,-235.417206,92.416878,85.532097
1190,9.916667,0.015810,0.802735,0.017481,0.595870,-235.418060,92.417770,85.535332
1191,9.925000,0.015834,0.802681,0.017428,0.595944,-235.418655,92.417900,85.538559
1192,9.933333,0.015948,0.802723,0.017390,0.595885,-235.419769,92.418457,85.543640
1193,9.941667,0.016231,0.802762,0.017405,0.595824,-235.420868,92.419472,85.545174
1194,9.950000,0.016116,0.802787,0.017319,0.595796,-235.422348,92.419495,85.547966
1195,9.958333,0.016116,0.802710,0.017284,0.595901,-235.423096,92.419998,85.547226
1196,9.966667,0.016026,0.802752,0.017400,0.595844,-235.423309,92.419525,85.547318
1197,9.975000,0.016065,0.802693,0.017349,0.595923,-235.425751,92.420097,85.546143
1198,9.983333,0.015913,0.802718,0.017437,0.595892,-235.425568,92.419922,85.543076
1199,9.991667,0.015944,0.802656,0.017403,0.595975,-235.424881,92.419243,85.540077
1200,10.000000,0.015943,0.802694,0.017481,0.595921,-235.424011,92.418686,85.537048
1201,10.008333,0.015773,0.802677,0.017364,0.595953,-235.423798,92.418076,85.532692
1202,10.016667,0.015706,0.802672,0.017356,0.595961,-235.423065,92.418747,85.531006
1203,10.025000,0.015638,0.802666,0.017413,0.595970,-235.422058,92.418762,85.528618
1204,10.033333,0.015639,0.802700,0.017438,0.595923,-235.421371,92.418587,85.528122
1205,10.041667,0.017785,0.802908,0.018243,0.595558,-235.409332,92.396095,85.518417
1206,10.050000,0.016287,0.802699,0.017508,0.595905,-235.420685,92.412956,85.526398
1207,10.058333,0.016095,0.802691,0.017428,0.595923,-235.421066,92.415367,85.528938
1208,10.066667,0.016115,0.802646,0.017382,0.595984,-235.420807,92.415504,85.531395
1209,10.075000,0.015945,0.802716,0.017316,0.595897,-235.421494,92.416832,85.536263
1210,10.083333,0.015825,0.802687,0.017293,0.595940,-235.422638,92.417511,85.538254
1211,10.091667,0.015872,0.802697,0.017350,0.595924,-235.425049,92.418518,85.543701
1212,10.100000,0.015944,0.802712,0.017363,0.595901,-235.425995,92.419876,85.545647
1213,10.108333,0.015914,0.802723,0.017316,0.595888,-235.426575,92.418739,85.545860
1214,10.116667,0.015762,0.802781,0.017251,0.595816,-235.427673,92.418518,85.546516
1215,10.125000,0.015903,0.802738,0.017374,0.595866,-235.427399,92.417488,85.543617
1216,10.133333,0.015828,0.802725,0.017480,0.595882,-235.427170,92.417480,85.543175
1217,10.141667,0.015921,0.802666,0.017419,0.595962,-235.425751,92.418022,85.539833
1218,10.150000,0.015768,0.802713,0.017543,0.595899,-235.422394,92.415932,85.537247
1219,10.158333,0.016021,0.802690,0.017544,0.595924,-235.421921,92.413002,85.536697
1220,10.166667,0.016070,0.802648,0.017457,0.595981,-235.421722,92.414337,85.532539
1221,10.175000,0.015857,0.802639,0.017290,0.596003,-235.419968,92.419151,85.529572
1222,10.183333,0.015711,0.802671,0.017357,0.595963,-235.419373,92.420311,85.530579
1223,10.191667,0.015869,0.802784,0.017603,0.595799,-235.421036,92.415070,85.527054
1224,10.200000,0.018183,0.802855,0.018526,0.595609,-235.411041,92.390381,85.517273
1225,10.208333,0.016510,0.802619,0.017710,0.596001,-235.421494,92.411385,85.530838
1226,10.216667,0.016132,0.802670,0.017366,0.595952,-235.423859,92.416191,85.535339
1227,10.225000,0.016134,0.802715,0.017406,0.595890,-235.423492,92.416168,85.537735
1228,10.233333,0.016107,0.802739,0.017380,0.595859,-235.424332,92.417053,85.539238
1229,10.241667,0.015863,0.802751,0.017255,0.595854,-235.428314,92.417923,85.543434
1230,10.250000,0.015949,0.802714,0.017466,0.595894,-235.428955,92.417641,85.541245
1231,10.258333,0.015962,0.802687,0.017456,0.595931,-235.428787,92.416122,85.543861
1232,10.266667,0.015809,0.802687,0.017407,0.595937,-235.428436,92.413879,85.545563
1233,10.275000,0.016039,0.802637,0.017371,0.595999,-235.427521,92.413307,85.544014
1234,10.283333,0.016145,0.802679,0.017412,0.595938,-235.425568,92.414284,85.543930
1235,10.291667,0.016204,0.802694,0.017333,0.595919,-235.425491,92.415390,85.543777
1236,10.300000,0.016201,0.802687,0.017330,0.595929,-235.423691,92.416588,85.544250
1237,10.308333,0.016195,0.802676,0.017429,0.595940,-235.422272,92.415161,85.542313
1238,10.316667,0.016189,0.802718,0.017488,0.595883,-235.421326,92.414986,85.542007
1239,10.325000,0.016101,0.802730,0.017422,0.595871,-235.420731,92.414795,85.540894
1240,10.333333,0.016161,0.802730,0.017516,0.595866,-235.421036,92.413269,85.539909
1241,10.341667,0.016245,0.802675,0.017458,0.595939,-235.420349,92.412659,85.539215
1242,10.350000,0.016328,0.802697,0.017471,0.595908,-235.420090,92.411911,85.539474
1243,10.358333,0.016165,0.802687,0.017437,0.595926,-235.420898,92.413010,85.540932
1244,10.366667,0.016178,0.802682,0.017416,0.595934,-235.421661,92.414185,85.541847
1245,10.375000,0.016275,0.802688,0.017332,0.595925,-235.422607,92.414192,85.542999
1246,10.383333,0.016249,0.802720,0.017427,0.595880,-235.424210,92.414459,85.546394
1247,10.391667,0.016179,0.802720,0.017415,0.595882,-235.425140,92.413223,85.547180
1248,10.400000,0.016214,0.802712,0.017389,0.595893,-235.426422,92.411575,85.548065
1249,10.408333,0.016164,0.802741,0.017442,0.595853,-235.427002,92.410988,85.549110
1250,10.416667,0.016104,0.802718,0.017420,0.595887,-235.428101,92.412750,85.549965
1251,10.425000,0.016100,0.802736,0.017365,0.595864,-235.428162,92.412064,85.550682
1252,10.433333,0.016171,0.802662,0.017459,0.595960,-235.428024,92.411263,85.548676
1253,10.441667,0.016236,0.802647,0.017452,0.595978,-235.428207,92.410545,85.549248
1254,10.450000,0.016239,0.802671,0.017563,0.595942,-235.427353,92.408356,85.548141
1255,10.458333,0.016217,0.802708,0.017404,0.595897,-235.426880,92.409256,85.546951
1256,10.466667,0.016164,0.802687,0.017371,0.595928,-235.426239,92.408485,85.546608
1257,10.475000,0.016231,0.802677,0.017437,0.595937,-235.425735,92.409447,85.544624
1258,10.483333,0.016186,0.802700,0.017326,0.595912,-235.425278,92.410286,85.546204
1259,10.491667,0.016283,0.802699,0.017326,0.595910,-235.424667,92.409546,85.544525
1260,10.500000,0.016136,0.802636,0.017473,0.595995,-235.425446,92.408173,85.544342
1261,10.508333,0.016183,0.802654,0.017496,0.595969,-235.425751,92.408363,85.544106
1262,10.516667,0.016280,0.802653,0.017450,0.595968,-235.426285,92.409744,85.544296
1263,10.525000,0.016337,0.802660,0.017462,0.595957,-235.425873,92.409554,85.544945
1264,10.533333,0.016173,0.802697,0.017349,0.595916,-235.425858,92.409241,85.546059
1265,10.541667,0.016292,0.802664,0.017375,0.595956,-235.426849,92.409508,85.547279
1266,10.550000,0.016288,0.802681,0.017342,0.595934,-235.426804,92.409714,85.548248
1267,10.558333,0.016124,0.802711,0.017355,0.595898,-235.426590,92.409439,85.549698
1268,10.566667,0.016120,0.802727,0.017336,0.595876,-235.426575,92.409142,85.551048
1269,10.575000,0.016190,0.802656,0.017408,0.595969,-235.425980,92.409416,85.549919
1270,10.583333,0.016431,0.802642,0.017512,0.595978,-235.424805,92.409996,85.550102
1271,10.591667,0.016567,0.802647,0.017520,0.595967,-235.423752,92.410568,85.549583
1272,10.600000,0.016466,0.802699,0.017417,0.595902,-235.422638,92.410324,85.549805
1273,10.608333,0.016386,0.802723,0.017351,0.595874,-235.422211,92.409172,85.550957
1274,10.616667,0.016426,0.802694,0.017354,0.595912,-235.422333,92.409279,85.547897
1275,10.625000,0.016297,0.802685,0.017448,0.595925,-235.422012,92.409210,85.547226
1276,10.633333,0.016194,0.802678,0.017487,0.595936,-235.421463,92.407829,85.545876
1277,10.641667,0.016228,0.802657,0.017453,0.595965,-235.422272,92.408852,85.544548
1278,10.650000,0.016231,0.802666,0.017374,0.595955,-235.422806,92.409225,85.544052
1279,10.658333,0.016216,0.802695,0.017530,0.595911,-235.423035,92.407829,85.543732
1280,10.666667,0.016171,0.802712,0.017423,0.595893,-235.424896,92.408745,85.545685
1281,10.675000,0.016128,0.802702,0.017292,0.595912,-235.425659,92.409203,85.543808
1282,10.683333,0.016126,0.802718,0.017453,0.595886,-235.425385,92.407036,85.544006
1283,10.691667,0.016457,0.802656,0.017490,0.595959,-235.426910,92.408707,85.543579
1284,10.700000,0.016438,0.802718,0.017492,0.595876,-235.426514,92.408516,85.545914
1285,10.708333,0.016328,0.802731,0.017393,0.595864,-235.427216,92.409225,85.547272
1286,10.716667,0.016351,0.802622,0.017364,0.596011,-235.426682,92.408752,85.545578
1287,10.725000,0.016286,0.802644,0.017346,0.595984,-235.425781,92.409721,85.547592
1288,10.733333,0.016347,0.802696,0.017428,0.595909,-235.424286,92.409302,85.547791
1289,10.741667,0.016346,0.802687,0.017406,0.595922,-235.423065,92.408875,85.547859
1290,10.750000,0.016419,0.802691,0.017382,0.595916,-235.421921,92.408531,85.547668
